network "Unknown" {
}
variable N0_7muVerMo {
  type discrete [ 4 ] = { StrongUp, WeakUp, Neutral, Down };
}
variable SubjVertMo {
  type discrete [ 4 ] = { StronUp, WeakUp, Neutral, Down };
}
variable QGVertMotion {
  type discrete [ 4 ] = { StrongUp, WeakUp, Neutral, Down };
}
variable CombVerMo {
  type discrete [ 4 ] = { StrongUp, WeakUp, Neutral, Down };
}
variable AreaMeso_ALS {
  type discrete [ 4 ] = { StrongUp, WeakUp, Neutral, Down };
}
variable SatContMoist {
  type discrete [ 4 ] = { VeryWet, Wet, Neutral, Dry };
}
variable RaoContMoist {
  type discrete [ 4 ] = { VeryWet, Wet, Neutral, Dry };
}
variable CombMoisture {
  type discrete [ 4 ] = { VeryWet, Wet, Neutral, Dry };
}
variable AreaMoDryAir {
  type discrete [ 4 ] = { VeryWet, Wet, Neutral, Dry };
}
variable VISCloudCov {
  type discrete [ 3 ] = { Cloudy, PC, Clear };
}
variable IRCloudCover {
  type discrete [ 3 ] = { Cloudy, PC, Clear };
}
variable CombClouds {
  type discrete [ 3 ] = { Cloudy, PC, Clear };
}
variable CldShadeOth {
  type discrete [ 3 ] = { Cloudy, PC, Clear };
}
variable AMInstabMt {
  type discrete [ 3 ] = { None, Weak, Strong };
}
variable InsInMt {
  type discrete [ 3 ] = { None, Weak, Strong };
}
variable WndHodograph {
  type discrete [ 4 ] = { DCVZFavor, StrongWest, Westerly, Other };
}
variable OutflowFrMt {
  type discrete [ 3 ] = { None, Weak, Strong };
}
variable MorningBound {
  type discrete [ 3 ] = { None, Weak, Strong };
}
variable Boundaries {
  type discrete [ 3 ] = { None, Weak, Strong };
}
variable CldShadeConv {
  type discrete [ 3 ] = { None, Some, Marked };
}
variable CompPlFcst {
  type discrete [ 3 ] = { IncCapDecIns, LittleChange, DecCapIncIns };
}
variable CapChange {
  type discrete [ 3 ] = { Decreasing, LittleChange, Increasing };
}
variable LoLevMoistAd {
  type discrete [ 4 ] = { StrongPos, WeakPos, Neutral, Negative };
}
variable InsChange {
  type discrete [ 3 ] = { Decreasing, LittleChange, Increasing };
}
variable MountainFcst {
  type discrete [ 3 ] = { XNIL, SIG, SVR };
}
variable Date {
  type discrete [ 6 ] = { May15_Jun14, Jun15_Jul1, Jul2_Jul15, Jul16_Aug10, Aug11_Aug20, Aug20_Sep15 };
}
variable Scenario {
  type discrete [ 11 ] = { A, B, C, D, E, F, G, H, I, J, K };
}
variable ScenRelAMCIN {
  type discrete [ 2 ] = { AB, CThruK };
}
variable MorningCIN {
  type discrete [ 4 ] = { None, PartInhibit, Stifling, TotalInhibit };
}
variable AMCINInScen {
  type discrete [ 3 ] = { LessThanAve, Average, MoreThanAve };
}
variable CapInScen {
  type discrete [ 3 ] = { LessThanAve, Average, MoreThanAve };
}
variable ScenRelAMIns {
  type discrete [ 6 ] = { ABI, CDEJ, F, G, H, K };
}
variable LIfr12ZDENSd {
  type discrete [ 4 ] = { LIGt0, N1GtLIGt_4, N5GtLIGt_8, LILt_8 };
}
variable AMDewptCalPl {
  type discrete [ 3 ] = { Instability, Neutral, Stability };
}
variable AMInsWliScen {
  type discrete [ 3 ] = { LessUnstable, Average, MoreUnstable };
}
variable InsSclInScen {
  type discrete [ 3 ] = { LessUnstable, Average, MoreUnstable };
}
variable ScenRel3_4 {
  type discrete [ 5 ] = { ACEFK, B, D, GJ, HI };
}
variable LatestCIN {
  type discrete [ 4 ] = { None, PartInhibit, Stifling, TotalInhibit };
}
variable LLIW {
  type discrete [ 4 ] = { Unfavorable, Weak, Moderate, Strong };
}
variable CurPropConv {
  type discrete [ 4 ] = { None, Slight, Moderate, Strong };
}
variable ScnRelPlFcst {
  type discrete [ 11 ] = { A, B, C, D, E, F, G, H, I, J, K };
}
variable PlainsFcst {
  type discrete [ 3 ] = { XNIL, SIG, SVR };
}
variable N34StarFcst {
  type discrete [ 3 ] = { XNIL, SIG, SVR };
}
variable R5Fcst {
  type discrete [ 3 ] = { XNIL, SIG, SVR };
}
variable Dewpoints {
  type discrete [ 7 ] = { LowEvrywhere, LowAtStation, LowSHighN, LowNHighS, LowMtsHighPl, HighEvrywher, Other };
}
variable LowLLapse {
  type discrete [ 4 ] = { CloseToDryAd, Steep, ModerateOrLe, Stable };
}
variable MeanRH {
  type discrete [ 3 ] = { VeryMoist, Average, Dry };
}
variable MidLLapse {
  type discrete [ 3 ] = { CloseToDryAd, Steep, ModerateOrLe };
}
variable MvmtFeatures {
  type discrete [ 4 ] = { StrongFront, MarkedUpper, OtherRapid, NoMajor };
}
variable RHRatio {
  type discrete [ 3 ] = { MoistMDryL, DryMMoistL, Other };
}
variable SfcWndShfDis {
  type discrete [ 7 ] = { DenvCyclone, E_W_N, E_W_S, MovingFtorOt, DryLine, None, Other };
}
variable SynForcng {
  type discrete [ 5 ] = { SigNegative, NegToPos, SigPositive, PosToNeg, LittleChange };
}
variable TempDis {
  type discrete [ 4 ] = { QStationary, Moving, None, Other };
}
variable WindAloft {
  type discrete [ 4 ] = { LV, SWQuad, NWQuad, AllElse };
}
variable WindFieldMt {
  type discrete [ 2 ] = { Westerly, LVorOther };
}
variable WindFieldPln {
  type discrete [ 6 ] = { LV, DenvCyclone, LongAnticyc, E_NE, SEQuad, WidespdDnsl };
}
probability ( MvmtFeatures | Scenario ) {
  (A) 0.10, 0.13, 0.64, 0.13;
  (B) 0.39, 0.01, 0.10, 0.50;
  (C) 0.34, 0.11, 0.17, 0.38;
  (D) 0.09, 0.77, 0.11, 0.03;
  (E) 0.32, 0.55, 0.01, 0.12;
  (F) 0.48, 0.20, 0.08, 0.24;
  (G) 0.11, 0.59, 0.05, 0.25;
  (H) 0.17, 0.14, 0.03, 0.66;
  (I) 0.68, 0.08, 0.17, 0.07;
  (J) 0.25, 0.26, 0.34, 0.15;
  (K) 0.42, 0.03, 0.08, 0.47;
};
probability ( AMDewptCalPl ) {
  table 0.02, 0.57, 0.41;
};
probability ( MorningBound ) {
  table 0.00, 0.54, 0.46;
};
probability ( MidLLapse | Scenario ) {
  (A) 0.24, 0.08, 0.68;
  (B) 0.27, 0.21, 0.52;
  (C) 0.14, 0.74, 0.12;
  (D) 0.16, 0.02, 0.82;
  (E) 0.69, 0.22, 0.09;
  (F) 0.66, 0.03, 0.31;
  (G) 0.04, 0.16, 0.80;
  (H) 0.13, 0.79, 0.08;
  (I) 0.22, 0.65, 0.13;
  (J) 0.49, 0.26, 0.25;
  (K) 0.81, 0.03, 0.16;
};
probability ( InsSclInScen | AMInsWliScen, InsChange ) {
  (LessUnstable, Decreasing) 0.03, 0.61, 0.36;
  (LessUnstable, LittleChange) 0.57, 0.42, 0.01;
  (LessUnstable, Increasing) 0.36, 0.39, 0.25;
  (Average, Decreasing) 0.27, 0.22, 0.51;
  (Average, LittleChange) 0.07, 0.48, 0.45;
  (Average, Increasing) 0.20, 0.36, 0.44;
  (MoreUnstable, Decreasing) 0.46, 0.21, 0.33;
  (MoreUnstable, LittleChange) 0.50, 0.01, 0.49;
  (MoreUnstable, Increasing) 0.56, 0.19, 0.25;
};
probability ( CapInScen | AMCINInScen, CapChange ) {
  (LessThanAve, Decreasing) 0.32, 0.05, 0.63;
  (LessThanAve, LittleChange) 0.04, 0.73, 0.23;
  (LessThanAve, Increasing) 0.29, 0.39, 0.32;
  (Average, Decreasing) 0.40, 0.31, 0.29;
  (Average, LittleChange) 0.10, 0.69, 0.21;
  (Average, Increasing) 0.16, 0.20, 0.64;
  (MoreThanAve, Decreasing) 0.19, 0.56, 0.25;
  (MoreThanAve, LittleChange) 0.14, 0.36, 0.50;
  (MoreThanAve, Increasing) 0.81, 0.13, 0.06;
};
probability ( LoLevMoistAd ) {
  table 0.02, 0.27, 0.71, 0.00;
};
probability ( CapChange | CompPlFcst ) {
  (IncCapDecIns) 0.09, 0.80, 0.11;
  (LittleChange) 0.34, 0.01, 0.65;
  (DecCapIncIns) 0.25, 0.31, 0.44;
};
probability ( CldShadeOth | AreaMoDryAir, AreaMeso_ALS, CombClouds ) {
  (VeryWet, StrongUp, Cloudy) 0.10, 0.33, 0.57;
  (VeryWet, StrongUp, PC) 0.45, 0.40, 0.15;
  (VeryWet, StrongUp, Clear) 0.66, 0.14, 0.20;
  (VeryWet, WeakUp, Cloudy) 0.61, 0.09, 0.30;
  (VeryWet, WeakUp, PC) 0.58, 0.01, 0.41;
  (VeryWet, WeakUp, Clear) 0.40, 0.11, 0.49;
  (VeryWet, Neutral, Cloudy) 0.08, 0.27, 0.65;
  (VeryWet, Neutral, PC) 0.10, 0.27, 0.63;
  (VeryWet, Neutral, Clear) 0.37, 0.33, 0.30;
  (VeryWet, Down, Cloudy) 0.70, 0.27, 0.03;
  (VeryWet, Down, PC) 0.24, 0.09, 0.67;
  (VeryWet, Down, Clear) 0.01, 0.22, 0.77;
  (Wet, StrongUp, Cloudy) 0.08, 0.57, 0.35;
  (Wet, StrongUp, PC) 0.30, 0.29, 0.41;
  (Wet, StrongUp, Clear) 0.18, 0.81, 0.01;
  (Wet, WeakUp, Cloudy) 0.25, 0.57, 0.18;
  (Wet, WeakUp, PC) 0.52, 0.03, 0.45;
  (Wet, WeakUp, Clear) 0.03, 0.53, 0.44;
  (Wet, Neutral, Cloudy) 0.04, 0.81, 0.15;
  (Wet, Neutral, PC) 0.08, 0.44, 0.48;
  (Wet, Neutral, Clear) 0.20, 0.31, 0.49;
  (Wet, Down, Cloudy) 0.19, 0.41, 0.40;
  (Wet, Down, PC) 0.46, 0.39, 0.15;
  (Wet, Down, Clear) 0.26, 0.62, 0.12;
  (Neutral, StrongUp, Cloudy) 0.79, 0.11, 0.10;
  (Neutral, StrongUp, PC) 0.70, 0.22, 0.08;
  (Neutral, StrongUp, Clear) 0.03, 0.78, 0.19;
  (Neutral, WeakUp, Cloudy) 0.17, 0.60, 0.23;
  (Neutral, WeakUp, PC) 0.34, 0.07, 0.59;
  (Neutral, WeakUp, Clear) 0.69, 0.12, 0.19;
  (Neutral, Neutral, Cloudy) 0.44, 0.36, 0.20;
  (Neutral, Neutral, PC) 0.52, 0.47, 0.01;
  (Neutral, Neutral, Clear) 0.25, 0.63, 0.12;
  (Neutral, Down, Cloudy) 0.32, 0.50, 0.18;
  (Neutral, Down, PC) 0.66, 0.31, 0.03;
  (Neutral, Down, Clear) 0.54, 0.20, 0.26;
  (Dry, StrongUp, Cloudy) 0.49, 0.26, 0.25;
  (Dry, StrongUp, PC) 0.47, 0.22, 0.31;
  (Dry, StrongUp, Clear) 0.83, 0.04, 0.13;
  (Dry, WeakUp, Cloudy) 0.41, 0.50, 0.09;
  (Dry, WeakUp, PC) 0.56, 0.13, 0.31;
  (Dry, WeakUp, Clear) 0.05, 0.03, 0.92;
  (Dry, Neutral, Cloudy) 0.11, 0.34, 0.55;
  (Dry, Neutral, PC) 0.14, 0.51, 0.35;
  (Dry, Neutral, Clear) 0.28, 0.48, 0.24;
  (Dry, Down, Cloudy) 0.41, 0.41, 0.18;
  (Dry, Down, PC) 0.00, 0.66, 0.34;
  (Dry, Down, Clear) 0.39, 0.15, 0.46;
};
probability ( QGVertMotion ) {
  table 0.10, 0.57, 0.29, 0.04;
};
probability ( AMCINInScen | ScenRelAMCIN, MorningCIN ) {
  (AB, None) 0.10, 0.35, 0.55;
  (AB, PartInhibit) 0.38, 0.45, 0.17;
  (AB, Stifling) 0.12, 0.28, 0.60;
  (AB, TotalInhibit) 0.37, 0.05, 0.58;
  (CThruK, None) 0.11, 0.80, 0.09;
  (CThruK, PartInhibit) 0.28, 0.44, 0.28;
  (CThruK, Stifling) 0.83, 0.07, 0.10;
  (CThruK, TotalInhibit) 0.50, 0.42, 0.08;
};
probability ( MorningCIN ) {
  table 0.41, 0.11, 0.14, 0.34;
};
probability ( Date ) {
  table 0.05, 0.18, 0.00, 0.30, 0.47, 0.00;
};
probability ( CldShadeConv | InsInMt, WndHodograph ) {
  (None, DCVZFavor) 0.33, 0.31, 0.36;
  (None, StrongWest) 0.36, 0.33, 0.31;
  (None, Westerly) 0.00, 0.13, 0.87;
  (None, Other) 0.13, 0.29, 0.58;
  (Weak, DCVZFavor) 0.45, 0.38, 0.17;
  (Weak, StrongWest) 0.70, 0.13, 0.17;
  (Weak, Westerly) 0.23, 0.13, 0.64;
  (Weak, Other) 0.76, 0.04, 0.20;
  (Strong, DCVZFavor) 0.26, 0.23, 0.51;
  (Strong, StrongWest) 0.13, 0.52, 0.35;
  (Strong, Westerly) 0.13, 0.44, 0.43;
  (Strong, Other) 0.41, 0.33, 0.26;
};
probability ( AMInstabMt ) {
  table 0.63, 0.04, 0.33;
};
probability ( AreaMoDryAir | AreaMeso_ALS, CombMoisture ) {
  (StrongUp, VeryWet) 0.52, 0.18, 0.10, 0.20;
  (StrongUp, Wet) 0.50, 0.22, 0.12, 0.16;
  (StrongUp, Neutral) 0.40, 0.03, 0.55, 0.02;
  (StrongUp, Dry) 0.33, 0.03, 0.53, 0.11;
  (WeakUp, VeryWet) 0.10, 0.46, 0.05, 0.39;
  (WeakUp, Wet) 0.85, 0.07, 0.03, 0.05;
  (WeakUp, Neutral) 0.35, 0.24, 0.03, 0.38;
  (WeakUp, Dry) 0.10, 0.56, 0.21, 0.13;
  (Neutral, VeryWet) 0.08, 0.08, 0.18, 0.66;
  (Neutral, Wet) 0.16, 0.61, 0.06, 0.17;
  (Neutral, Neutral) 0.70, 0.08, 0.17, 0.05;
  (Neutral, Dry) 0.80, 0.06, 0.02, 0.12;
  (Down, VeryWet) 0.27, 0.48, 0.24, 0.01;
  (Down, Wet) 0.07, 0.48, 0.43, 0.02;
  (Down, Neutral) 0.05, 0.60, 0.15, 0.20;
  (Down, Dry) 0.49, 0.22, 0.11, 0.18;
};
probability ( Dewpoints | Scenario ) {
  (A) 0.14, 0.07, 0.10, 0.17, 0.14, 0.29, 0.09;
  (B) 0.11, 0.10, 0.32, 0.17, 0.19, 0.03, 0.08;
  (C) 0.14, 0.13, 0.21, 0.14, 0.13, 0.23, 0.02;
  (D) 0.33, 0.12, 0.12, 0.34, 0.03, 0.03, 0.03;
  (E) 0.16, 0.20, 0.08, 0.20, 0.08, 0.14, 0.14;
  (F) 0.50, 0.19, 0.20, 0.01, 0.00, 0.01, 0.09;
  (G) 0.01, 0.03, 0.14, 0.15, 0.08, 0.38, 0.21;
  (H) 0.12, 0.04, 0.05, 0.17, 0.24, 0.31, 0.07;
  (I) 0.12, 0.01, 0.07, 0.03, 0.01, 0.38, 0.38;
  (J) 0.10, 0.13, 0.34, 0.19, 0.16, 0.02, 0.06;
  (K) 0.06, 0.32, 0.01, 0.48, 0.05, 0.02, 0.06;
};
probability ( PlainsFcst | CurPropConv, InsSclInScen, CapInScen, ScnRelPlFcst ) {
  (None, LessUnstable, LessThanAve, A) 0.28, 0.14, 0.58;
  (None, LessUnstable, LessThanAve, B) 0.30, 0.65, 0.05;
  (None, LessUnstable, LessThanAve, C) 0.02, 0.61, 0.37;
  (None, LessUnstable, LessThanAve, D) 0.34, 0.27, 0.39;
  (None, LessUnstable, LessThanAve, E) 0.31, 0.18, 0.51;
  (None, LessUnstable, LessThanAve, F) 0.19, 0.78, 0.03;
  (None, LessUnstable, LessThanAve, G) 0.46, 0.30, 0.24;
  (None, LessUnstable, LessThanAve, H) 0.02, 0.89, 0.09;
  (None, LessUnstable, LessThanAve, I) 0.34, 0.07, 0.59;
  (None, LessUnstable, LessThanAve, J) 0.05, 0.57, 0.38;
  (None, LessUnstable, LessThanAve, K) 0.34, 0.49, 0.17;
  (None, LessUnstable, Average, A) 0.57, 0.40, 0.03;
  (None, LessUnstable, Average, B) 0.53, 0.21, 0.26;
  (None, LessUnstable, Average, C) 0.21, 0.11, 0.68;
  (None, LessUnstable, Average, D) 0.88, 0.07, 0.05;
  (None, LessUnstable, Average, E) 0.38, 0.27, 0.35;
  (None, LessUnstable, Average, F) 0.70, 0.20, 0.10;
  (None, LessUnstable, Average, G) 0.11, 0.29, 0.60;
  (None, LessUnstable, Average, H) 0.53, 0.42, 0.05;
  (None, LessUnstable, Average, I) 0.34, 0.63, 0.03;
  (None, LessUnstable, Average, J) 0.16, 0.35, 0.49;
  (None, LessUnstable, Average, K) 0.55, 0.43, 0.02;
  (None, LessUnstable, MoreThanAve, A) 0.55, 0.22, 0.23;
  (None, LessUnstable, MoreThanAve, B) 0.76, 0.22, 0.02;
  (None, LessUnstable, MoreThanAve, C) 0.13, 0.58, 0.29;
  (None, LessUnstable, MoreThanAve, D) 0.16, 0.38, 0.46;
  (None, LessUnstable, MoreThanAve, E) 0.25, 0.69, 0.06;
  (None, LessUnstable, MoreThanAve, F) 0.14, 0.84, 0.02;
  (None, LessUnstable, MoreThanAve, G) 0.17, 0.78, 0.05;
  (None, LessUnstable, MoreThanAve, H) 0.45, 0.11, 0.44;
  (None, LessUnstable, MoreThanAve, I) 0.34, 0.65, 0.01;
  (None, LessUnstable, MoreThanAve, J) 0.65, 0.11, 0.24;
  (None, LessUnstable, MoreThanAve, K) 0.34, 0.60, 0.06;
  (None, Average, LessThanAve, A) 0.47, 0.14, 0.39;
  (None, Average, LessThanAve, B) 0.16, 0.05, 0.79;
  (None, Average, LessThanAve, C) 0.17, 0.65, 0.18;
  (None, Average, LessThanAve, D) 0.19, 0.44, 0.37;
  (None, Average, LessThanAve, E) 0.67, 0.33, 0.00;
  (None, Average, LessThanAve, F) 0.19, 0.36, 0.45;
  (None, Average, LessThanAve, G) 0.67, 0.18, 0.15;
  (None, Average, LessThanAve, H) 0.92, 0.05, 0.03;
  (None, Average, LessThanAve, I) 0.08, 0.67, 0.25;
  (None, Average, LessThanAve, J) 0.47, 0.15, 0.38;
  (None, Average, LessThanAve, K) 0.10, 0.38, 0.52;
  (None, Average, Average, A) 0.38, 0.37, 0.25;
  (None, Average, Average, B) 0.60, 0.03, 0.37;
  (None, Average, Average, C) 0.23, 0.49, 0.28;
  (None, Average, Average, D) 0.48, 0.02, 0.50;
  (None, Average, Average, E) 0.79, 0.05, 0.16;
  (None, Average, Average, F) 0.48, 0.25, 0.27;
  (None, Average, Average, G) 0.85, 0.05, 0.10;
  (None, Average, Average, H) 0.32, 0.15, 0.53;
  (None, Average, Average, I) 0.31, 0.55, 0.14;
  (None, Average, Average, J) 0.51, 0.32, 0.17;
  (None, Average, Average, K) 0.24, 0.30, 0.46;
  (None, Average, MoreThanAve, A) 0.10, 0.25, 0.65;
  (None, Average, MoreThanAve, B) 0.55, 0.13, 0.32;
  (None, Average, MoreThanAve, C) 0.75, 0.13, 0.12;
  (None, Average, MoreThanAve, D) 0.56, 0.03, 0.41;
  (None, Average, MoreThanAve, E) 0.40, 0.44, 0.16;
  (None, Average, MoreThanAve, F) 0.55, 0.37, 0.08;
  (None, Average, MoreThanAve, G) 0.18, 0.04, 0.78;
  (None, Average, MoreThanAve, H) 0.19, 0.80, 0.01;
  (None, Average, MoreThanAve, I) 0.17, 0.24, 0.59;
  (None, Average, MoreThanAve, J) 0.32, 0.55, 0.13;
  (None, Average, MoreThanAve, K) 0.17, 0.50, 0.33;
  (None, MoreUnstable, LessThanAve, A) 0.16, 0.40, 0.44;
  (None, MoreUnstable, LessThanAve, B) 0.13, 0.43, 0.44;
  (None, MoreUnstable, LessThanAve, C) 0.02, 0.80, 0.18;
  (None, MoreUnstable, LessThanAve, D) 0.50, 0.16, 0.34;
  (None, MoreUnstable, LessThanAve, E) 0.17, 0.48, 0.35;
  (None, MoreUnstable, LessThanAve, F) 0.26, 0.42, 0.32;
  (None, MoreUnstable, LessThanAve, G) 0.52, 0.40, 0.08;
  (None, MoreUnstable, LessThanAve, H) 0.22, 0.20, 0.58;
  (None, MoreUnstable, LessThanAve, I) 0.87, 0.11, 0.02;
  (None, MoreUnstable, LessThanAve, J) 0.22, 0.74, 0.04;
  (None, MoreUnstable, LessThanAve, K) 0.04, 0.32, 0.64;
  (None, MoreUnstable, Average, A) 0.46, 0.20, 0.34;
  (None, MoreUnstable, Average, B) 0.33, 0.47, 0.20;
  (None, MoreUnstable, Average, C) 0.20, 0.20, 0.60;
  (None, MoreUnstable, Average, D) 0.29, 0.60, 0.11;
  (None, MoreUnstable, Average, E) 0.12, 0.42, 0.46;
  (None, MoreUnstable, Average, F) 0.40, 0.14, 0.46;
  (None, MoreUnstable, Average, G) 0.43, 0.17, 0.40;
  (None, MoreUnstable, Average, H) 0.02, 0.14, 0.84;
  (None, MoreUnstable, Average, I) 0.25, 0.26, 0.49;
  (None, MoreUnstable, Average, J) 0.77, 0.22, 0.01;
  (None, MoreUnstable, Average, K) 0.42, 0.41, 0.17;
  (None, MoreUnstable, MoreThanAve, A) 0.11, 0.47, 0.42;
  (None, MoreUnstable, MoreThanAve, B) 0.70, 0.18, 0.12;
  (None, MoreUnstable, MoreThanAve, C) 0.85, 0.08, 0.07;
  (None, MoreUnstable, MoreThanAve, D) 0.24, 0.66, 0.10;
  (None, MoreUnstable, MoreThanAve, E) 0.28, 0.32, 0.40;
  (None, MoreUnstable, MoreThanAve, F) 0.46, 0.25, 0.29;
  (None, MoreUnstable, MoreThanAve, G) 0.23, 0.53, 0.24;
  (None, MoreUnstable, MoreThanAve, H) 0.25, 0.43, 0.32;
  (None, MoreUnstable, MoreThanAve, I) 0.27, 0.68, 0.05;
  (None, MoreUnstable, MoreThanAve, J) 0.17, 0.44, 0.39;
  (None, MoreUnstable, MoreThanAve, K) 0.23, 0.09, 0.68;
  (Slight, LessUnstable, LessThanAve, A) 0.11, 0.69, 0.20;
  (Slight, LessUnstable, LessThanAve, B) 0.22, 0.77, 0.01;
  (Slight, LessUnstable, LessThanAve, C) 0.26, 0.04, 0.70;
  (Slight, LessUnstable, LessThanAve, D) 0.07, 0.82, 0.11;
  (Slight, LessUnstable, LessThanAve, E) 0.52, 0.21, 0.27;
  (Slight, LessUnstable, LessThanAve, F) 0.04, 0.27, 0.69;
  (Slight, LessUnstable, LessThanAve, G) 0.95, 0.02, 0.03;
  (Slight, LessUnstable, LessThanAve, H) 0.01, 0.81, 0.18;
  (Slight, LessUnstable, LessThanAve, I) 0.33, 0.48, 0.19;
  (Slight, LessUnstable, LessThanAve, J) 0.13, 0.01, 0.86;
  (Slight, LessUnstable, LessThanAve, K) 0.33, 0.48, 0.19;
  (Slight, LessUnstable, Average, A) 0.34, 0.26, 0.40;
  (Slight, LessUnstable, Average, B) 0.03, 0.73, 0.24;
  (Slight, LessUnstable, Average, C) 0.39, 0.11, 0.50;
  (Slight, LessUnstable, Average, D) 0.04, 0.60, 0.36;
  (Slight, LessUnstable, Average, E) 0.51, 0.43, 0.06;
  (Slight, LessUnstable, Average, F) 0.43, 0.07, 0.50;
  (Slight, LessUnstable, Average, G) 0.42, 0.56, 0.02;
  (Slight, LessUnstable, Average, H) 0.67, 0.04, 0.29;
  (Slight, LessUnstable, Average, I) 0.19, 0.06, 0.75;
  (Slight, LessUnstable, Average, J) 0.27, 0.36, 0.37;
  (Slight, LessUnstable, Average, K) 0.23, 0.02, 0.75;
  (Slight, LessUnstable, MoreThanAve, A) 0.71, 0.08, 0.21;
  (Slight, LessUnstable, MoreThanAve, B) 0.56, 0.19, 0.25;
  (Slight, LessUnstable, MoreThanAve, C) 0.24, 0.23, 0.53;
  (Slight, LessUnstable, MoreThanAve, D) 0.72, 0.08, 0.20;
  (Slight, LessUnstable, MoreThanAve, E) 0.01, 0.74, 0.25;
  (Slight, LessUnstable, MoreThanAve, F) 0.25, 0.32, 0.43;
  (Slight, LessUnstable, MoreThanAve, G) 0.43, 0.09, 0.48;
  (Slight, LessUnstable, MoreThanAve, H) 0.46, 0.36, 0.18;
  (Slight, LessUnstable, MoreThanAve, I) 0.66, 0.19, 0.15;
  (Slight, LessUnstable, MoreThanAve, J) 0.88, 0.04, 0.08;
  (Slight, LessUnstable, MoreThanAve, K) 0.30, 0.21, 0.49;
  (Slight, Average, LessThanAve, A) 0.54, 0.15, 0.31;
  (Slight, Average, LessThanAve, B) 0.16, 0.62, 0.22;
  (Slight, Average, LessThanAve, C) 0.06, 0.55, 0.39;
  (Slight, Average, LessThanAve, D) 0.58, 0.18, 0.24;
  (Slight, Average, LessThanAve, E) 0.25, 0.06, 0.69;
  (Slight, Average, LessThanAve, F) 0.03, 0.18, 0.79;
  (Slight, Average, LessThanAve, G) 0.41, 0.51, 0.08;
  (Slight, Average, LessThanAve, H) 0.11, 0.38, 0.51;
  (Slight, Average, LessThanAve, I) 0.72, 0.16, 0.12;
  (Slight, Average, LessThanAve, J) 0.23, 0.33, 0.44;
  (Slight, Average, LessThanAve, K) 0.24, 0.63, 0.13;
  (Slight, Average, Average, A) 0.78, 0.20, 0.02;
  (Slight, Average, Average, B) 0.06, 0.25, 0.69;
  (Slight, Average, Average, C) 0.41, 0.25, 0.34;
  (Slight, Average, Average, D) 0.26, 0.22, 0.52;
  (Slight, Average, Average, E) 0.06, 0.76, 0.18;
  (Slight, Average, Average, F) 0.13, 0.51, 0.36;
  (Slight, Average, Average, G) 0.14, 0.55, 0.31;
  (Slight, Average, Average, H) 0.16, 0.31, 0.53;
  (Slight, Average, Average, I) 0.21, 0.58, 0.21;
  (Slight, Average, Average, J) 0.61, 0.19, 0.20;
  (Slight, Average, Average, K) 0.06, 0.37, 0.57;
  (Slight, Average, MoreThanAve, A) 0.04, 0.54, 0.42;
  (Slight, Average, MoreThanAve, B) 0.07, 0.56, 0.37;
  (Slight, Average, MoreThanAve, C) 0.08, 0.20, 0.72;
  (Slight, Average, MoreThanAve, D) 0.04, 0.05, 0.91;
  (Slight, Average, MoreThanAve, E) 0.07, 0.74, 0.19;
  (Slight, Average, MoreThanAve, F) 0.02, 0.90, 0.08;
  (Slight, Average, MoreThanAve, G) 0.44, 0.26, 0.30;
  (Slight, Average, MoreThanAve, H) 0.02, 0.42, 0.56;
  (Slight, Average, MoreThanAve, I) 0.62, 0.02, 0.36;
  (Slight, Average, MoreThanAve, J) 0.22, 0.71, 0.07;
  (Slight, Average, MoreThanAve, K) 0.39, 0.22, 0.39;
  (Slight, MoreUnstable, LessThanAve, A) 0.65, 0.11, 0.24;
  (Slight, MoreUnstable, LessThanAve, B) 0.17, 0.82, 0.01;
  (Slight, MoreUnstable, LessThanAve, C) 0.89, 0.04, 0.07;
  (Slight, MoreUnstable, LessThanAve, D) 0.33, 0.47, 0.20;
  (Slight, MoreUnstable, LessThanAve, E) 0.38, 0.22, 0.40;
  (Slight, MoreUnstable, LessThanAve, F) 0.14, 0.18, 0.68;
  (Slight, MoreUnstable, LessThanAve, G) 0.21, 0.44, 0.35;
  (Slight, MoreUnstable, LessThanAve, H) 0.44, 0.24, 0.32;
  (Slight, MoreUnstable, LessThanAve, I) 0.46, 0.08, 0.46;
  (Slight, MoreUnstable, LessThanAve, J) 0.46, 0.25, 0.29;
  (Slight, MoreUnstable, LessThanAve, K) 0.19, 0.67, 0.14;
  (Slight, MoreUnstable, Average, A) 0.02, 0.82, 0.16;
  (Slight, MoreUnstable, Average, B) 0.22, 0.10, 0.68;
  (Slight, MoreUnstable, Average, C) 0.70, 0.22, 0.08;
  (Slight, MoreUnstable, Average, D) 0.45, 0.35, 0.20;
  (Slight, MoreUnstable, Average, E) 0.11, 0.22, 0.67;
  (Slight, MoreUnstable, Average, F) 0.79, 0.11, 0.10;
  (Slight, MoreUnstable, Average, G) 0.60, 0.32, 0.08;
  (Slight, MoreUnstable, Average, H) 0.04, 0.29, 0.67;
  (Slight, MoreUnstable, Average, I) 0.03, 0.64, 0.33;
  (Slight, MoreUnstable, Average, J) 0.21, 0.34, 0.45;
  (Slight, MoreUnstable, Average, K) 0.14, 0.03, 0.83;
  (Slight, MoreUnstable, MoreThanAve, A) 0.23, 0.35, 0.42;
  (Slight, MoreUnstable, MoreThanAve, B) 0.08, 0.55, 0.37;
  (Slight, MoreUnstable, MoreThanAve, C) 0.03, 0.14, 0.83;
  (Slight, MoreUnstable, MoreThanAve, D) 0.16, 0.83, 0.01;
  (Slight, MoreUnstable, MoreThanAve, E) 0.96, 0.03, 0.01;
  (Slight, MoreUnstable, MoreThanAve, F) 0.16, 0.47, 0.37;
  (Slight, MoreUnstable, MoreThanAve, G) 0.80, 0.13, 0.07;
  (Slight, MoreUnstable, MoreThanAve, H) 0.63, 0.28, 0.09;
  (Slight, MoreUnstable, MoreThanAve, I) 0.38, 0.22, 0.40;
  (Slight, MoreUnstable, MoreThanAve, J) 0.10, 0.85, 0.05;
  (Slight, MoreUnstable, MoreThanAve, K) 0.52, 0.39, 0.09;
  (Moderate, LessUnstable, LessThanAve, A) 0.59, 0.31, 0.10;
  (Moderate, LessUnstable, LessThanAve, B) 0.12, 0.49, 0.39;
  (Moderate, LessUnstable, LessThanAve, C) 0.09, 0.08, 0.83;
  (Moderate, LessUnstable, LessThanAve, D) 0.29, 0.34, 0.37;
  (Moderate, LessUnstable, LessThanAve, E) 0.33, 0.67, 0.00;
  (Moderate, LessUnstable, LessThanAve, F) 0.40, 0.51, 0.09;
  (Moderate, LessUnstable, LessThanAve, G) 0.13, 0.01, 0.86;
  (Moderate, LessUnstable, LessThanAve, H) 0.65, 0.34, 0.01;
  (Moderate, LessUnstable, LessThanAve, I) 0.35, 0.24, 0.41;
  (Moderate, LessUnstable, LessThanAve, J) 0.42, 0.44, 0.14;
  (Moderate, LessUnstable, LessThanAve, K) 0.21, 0.25, 0.54;
  (Moderate, LessUnstable, Average, A) 0.16, 0.25, 0.59;
  (Moderate, LessUnstable, Average, B) 0.53, 0.01, 0.46;
  (Moderate, LessUnstable, Average, C) 0.65, 0.19, 0.16;
  (Moderate, LessUnstable, Average, D) 0.61, 0.30, 0.09;
  (Moderate, LessUnstable, Average, E) 0.04, 0.13, 0.83;
  (Moderate, LessUnstable, Average, F) 0.19, 0.62, 0.19;
  (Moderate, LessUnstable, Average, G) 0.35, 0.32, 0.33;
  (Moderate, LessUnstable, Average, H) 0.14, 0.31, 0.55;
  (Moderate, LessUnstable, Average, I) 0.25, 0.43, 0.32;
  (Moderate, LessUnstable, Average, J) 0.22, 0.76, 0.02;
  (Moderate, LessUnstable, Average, K) 0.13, 0.48, 0.39;
  (Moderate, LessUnstable, MoreThanAve, A) 0.23, 0.19, 0.58;
  (Moderate, LessUnstable, MoreThanAve, B) 0.01, 0.19, 0.80;
  (Moderate, LessUnstable, MoreThanAve, C) 0.60, 0.20, 0.20;
  (Moderate, LessUnstable, MoreThanAve, D) 0.04, 0.36, 0.60;
  (Moderate, LessUnstable, MoreThanAve, E) 0.19, 0.18, 0.63;
  (Moderate, LessUnstable, MoreThanAve, F) 0.46, 0.51, 0.03;
  (Moderate, LessUnstable, MoreThanAve, G) 0.13, 0.30, 0.57;
  (Moderate, LessUnstable, MoreThanAve, H) 0.63, 0.03, 0.34;
  (Moderate, LessUnstable, MoreThanAve, I) 0.61, 0.32, 0.07;
  (Moderate, LessUnstable, MoreThanAve, J) 0.00, 0.83, 0.17;
  (Moderate, LessUnstable, MoreThanAve, K) 0.00, 0.30, 0.70;
  (Moderate, Average, LessThanAve, A) 0.75, 0.14, 0.11;
  (Moderate, Average, LessThanAve, B) 0.19, 0.02, 0.79;
  (Moderate, Average, LessThanAve, C) 0.61, 0.37, 0.02;
  (Moderate, Average, LessThanAve, D) 0.18, 0.54, 0.28;
  (Moderate, Average, LessThanAve, E) 0.02, 0.01, 0.97;
  (Moderate, Average, LessThanAve, F) 0.39, 0.41, 0.20;
  (Moderate, Average, LessThanAve, G) 0.80, 0.05, 0.15;
  (Moderate, Average, LessThanAve, H) 0.00, 0.98, 0.02;
  (Moderate, Average, LessThanAve, I) 0.02, 0.10, 0.88;
  (Moderate, Average, LessThanAve, J) 0.29, 0.01, 0.70;
  (Moderate, Average, LessThanAve, K) 0.83, 0.13, 0.04;
  (Moderate, Average, Average, A) 0.20, 0.05, 0.75;
  (Moderate, Average, Average, B) 0.31, 0.18, 0.51;
  (Moderate, Average, Average, C) 0.41, 0.15, 0.44;
  (Moderate, Average, Average, D) 0.17, 0.07, 0.76;
  (Moderate, Average, Average, E) 0.07, 0.56, 0.37;
  (Moderate, Average, Average, F) 0.66, 0.14, 0.20;
  (Moderate, Average, Average, G) 0.50, 0.22, 0.28;
  (Moderate, Average, Average, H) 0.33, 0.13, 0.54;
  (Moderate, Average, Average, I) 0.53, 0.32, 0.15;
  (Moderate, Average, Average, J) 0.57, 0.04, 0.39;
  (Moderate, Average, Average, K) 0.01, 0.58, 0.41;
  (Moderate, Average, MoreThanAve, A) 0.20, 0.55, 0.25;
  (Moderate, Average, MoreThanAve, B) 0.59, 0.33, 0.08;
  (Moderate, Average, MoreThanAve, C) 0.11, 0.24, 0.65;
  (Moderate, Average, MoreThanAve, D) 0.38, 0.27, 0.35;
  (Moderate, Average, MoreThanAve, E) 0.29, 0.24, 0.47;
  (Moderate, Average, MoreThanAve, F) 0.15, 0.11, 0.74;
  (Moderate, Average, MoreThanAve, G) 0.65, 0.24, 0.11;
  (Moderate, Average, MoreThanAve, H) 0.60, 0.31, 0.09;
  (Moderate, Average, MoreThanAve, I) 0.42, 0.49, 0.09;
  (Moderate, Average, MoreThanAve, J) 0.00, 0.74, 0.26;
  (Moderate, Average, MoreThanAve, K) 0.54, 0.32, 0.14;
  (Moderate, MoreUnstable, LessThanAve, A) 0.68, 0.31, 0.01;
  (Moderate, MoreUnstable, LessThanAve, B) 0.36, 0.51, 0.13;
  (Moderate, MoreUnstable, LessThanAve, C) 0.52, 0.26, 0.22;
  (Moderate, MoreUnstable, LessThanAve, D) 0.02, 0.01, 0.97;
  (Moderate, MoreUnstable, LessThanAve, E) 0.16, 0.06, 0.78;
  (Moderate, MoreUnstable, LessThanAve, F) 0.00, 0.06, 0.94;
  (Moderate, MoreUnstable, LessThanAve, G) 0.42, 0.06, 0.52;
  (Moderate, MoreUnstable, LessThanAve, H) 0.47, 0.32, 0.21;
  (Moderate, MoreUnstable, LessThanAve, I) 0.44, 0.53, 0.03;
  (Moderate, MoreUnstable, LessThanAve, J) 0.01, 0.37, 0.62;
  (Moderate, MoreUnstable, LessThanAve, K) 0.53, 0.14, 0.33;
  (Moderate, MoreUnstable, Average, A) 0.00, 0.18, 0.82;
  (Moderate, MoreUnstable, Average, B) 0.26, 0.37, 0.37;
  (Moderate, MoreUnstable, Average, C) 0.45, 0.07, 0.48;
  (Moderate, MoreUnstable, Average, D) 0.42, 0.21, 0.37;
  (Moderate, MoreUnstable, Average, E) 0.13, 0.04, 0.83;
  (Moderate, MoreUnstable, Average, F) 0.38, 0.08, 0.54;
  (Moderate, MoreUnstable, Average, G) 0.06, 0.66, 0.28;
  (Moderate, MoreUnstable, Average, H) 0.08, 0.86, 0.06;
  (Moderate, MoreUnstable, Average, I) 0.41, 0.49, 0.10;
  (Moderate, MoreUnstable, Average, J) 0.34, 0.20, 0.46;
  (Moderate, MoreUnstable, Average, K) 0.30, 0.07, 0.63;
  (Moderate, MoreUnstable, MoreThanAve, A) 0.46, 0.14, 0.40;
  (Moderate, MoreUnstable, MoreThanAve, B) 0.60, 0.13, 0.27;
  (Moderate, MoreUnstable, MoreThanAve, C) 0.31, 0.54, 0.15;
  (Moderate, MoreUnstable, MoreThanAve, D) 0.15, 0.09, 0.76;
  (Moderate, MoreUnstable, MoreThanAve, E) 0.47, 0.48, 0.05;
  (Moderate, MoreUnstable, MoreThanAve, F) 0.01, 0.38, 0.61;
  (Moderate, MoreUnstable, MoreThanAve, G) 0.52, 0.14, 0.34;
  (Moderate, MoreUnstable, MoreThanAve, H) 0.05, 0.23, 0.72;
  (Moderate, MoreUnstable, MoreThanAve, I) 0.14, 0.32, 0.54;
  (Moderate, MoreUnstable, MoreThanAve, J) 0.07, 0.88, 0.05;
  (Moderate, MoreUnstable, MoreThanAve, K) 0.17, 0.55, 0.28;
  (Strong, LessUnstable, LessThanAve, A) 0.48, 0.51, 0.01;
  (Strong, LessUnstable, LessThanAve, B) 0.15, 0.12, 0.73;
  (Strong, LessUnstable, LessThanAve, C) 0.20, 0.76, 0.04;
  (Strong, LessUnstable, LessThanAve, D) 0.89, 0.00, 0.11;
  (Strong, LessUnstable, LessThanAve, E) 0.08, 0.49, 0.43;
  (Strong, LessUnstable, LessThanAve, F) 0.02, 0.94, 0.04;
  (Strong, LessUnstable, LessThanAve, G) 0.39, 0.23, 0.38;
  (Strong, LessUnstable, LessThanAve, H) 0.05, 0.87, 0.08;
  (Strong, LessUnstable, LessThanAve, I) 0.79, 0.02, 0.19;
  (Strong, LessUnstable, LessThanAve, J) 0.73, 0.27, 0.00;
  (Strong, LessUnstable, LessThanAve, K) 0.66, 0.00, 0.34;
  (Strong, LessUnstable, Average, A) 0.22, 0.22, 0.56;
  (Strong, LessUnstable, Average, B) 0.40, 0.50, 0.10;
  (Strong, LessUnstable, Average, C) 0.46, 0.41, 0.13;
  (Strong, LessUnstable, Average, D) 0.80, 0.12, 0.08;
  (Strong, LessUnstable, Average, E) 0.12, 0.82, 0.06;
  (Strong, LessUnstable, Average, F) 0.26, 0.63, 0.11;
  (Strong, LessUnstable, Average, G) 0.03, 0.36, 0.61;
  (Strong, LessUnstable, Average, H) 0.17, 0.16, 0.67;
  (Strong, LessUnstable, Average, I) 0.42, 0.20, 0.38;
  (Strong, LessUnstable, Average, J) 0.43, 0.14, 0.43;
  (Strong, LessUnstable, Average, K) 0.70, 0.09, 0.21;
  (Strong, LessUnstable, MoreThanAve, A) 0.19, 0.43, 0.38;
  (Strong, LessUnstable, MoreThanAve, B) 0.47, 0.43, 0.10;
  (Strong, LessUnstable, MoreThanAve, C) 0.78, 0.07, 0.15;
  (Strong, LessUnstable, MoreThanAve, D) 0.40, 0.47, 0.13;
  (Strong, LessUnstable, MoreThanAve, E) 0.26, 0.17, 0.57;
  (Strong, LessUnstable, MoreThanAve, F) 0.16, 0.72, 0.12;
  (Strong, LessUnstable, MoreThanAve, G) 0.43, 0.10, 0.47;
  (Strong, LessUnstable, MoreThanAve, H) 0.08, 0.74, 0.18;
  (Strong, LessUnstable, MoreThanAve, I) 0.24, 0.18, 0.58;
  (Strong, LessUnstable, MoreThanAve, J) 0.28, 0.63, 0.09;
  (Strong, LessUnstable, MoreThanAve, K) 0.09, 0.10, 0.81;
  (Strong, Average, LessThanAve, A) 0.04, 0.74, 0.22;
  (Strong, Average, LessThanAve, B) 0.96, 0.02, 0.02;
  (Strong, Average, LessThanAve, C) 0.18, 0.65, 0.17;
  (Strong, Average, LessThanAve, D) 0.17, 0.10, 0.73;
  (Strong, Average, LessThanAve, E) 0.59, 0.40, 0.01;
  (Strong, Average, LessThanAve, F) 0.15, 0.04, 0.81;
  (Strong, Average, LessThanAve, G) 0.23, 0.24, 0.53;
  (Strong, Average, LessThanAve, H) 0.00, 0.87, 0.13;
  (Strong, Average, LessThanAve, I) 0.11, 0.36, 0.53;
  (Strong, Average, LessThanAve, J) 0.85, 0.14, 0.01;
  (Strong, Average, LessThanAve, K) 0.09, 0.43, 0.48;
  (Strong, Average, Average, A) 0.10, 0.39, 0.51;
  (Strong, Average, Average, B) 0.47, 0.32, 0.21;
  (Strong, Average, Average, C) 0.57, 0.36, 0.07;
  (Strong, Average, Average, D) 0.29, 0.28, 0.43;
  (Strong, Average, Average, E) 0.22, 0.30, 0.48;
  (Strong, Average, Average, F) 0.48, 0.33, 0.19;
  (Strong, Average, Average, G) 0.41, 0.47, 0.12;
  (Strong, Average, Average, H) 0.35, 0.59, 0.06;
  (Strong, Average, Average, I) 0.17, 0.22, 0.61;
  (Strong, Average, Average, J) 0.00, 0.27, 0.73;
  (Strong, Average, Average, K) 0.23, 0.59, 0.18;
  (Strong, Average, MoreThanAve, A) 0.87, 0.07, 0.06;
  (Strong, Average, MoreThanAve, B) 0.49, 0.46, 0.05;
  (Strong, Average, MoreThanAve, C) 0.10, 0.80, 0.10;
  (Strong, Average, MoreThanAve, D) 0.28, 0.06, 0.66;
  (Strong, Average, MoreThanAve, E) 0.09, 0.82, 0.09;
  (Strong, Average, MoreThanAve, F) 0.60, 0.10, 0.30;
  (Strong, Average, MoreThanAve, G) 0.11, 0.26, 0.63;
  (Strong, Average, MoreThanAve, H) 0.10, 0.39, 0.51;
  (Strong, Average, MoreThanAve, I) 0.56, 0.28, 0.16;
  (Strong, Average, MoreThanAve, J) 0.76, 0.19, 0.05;
  (Strong, Average, MoreThanAve, K) 0.37, 0.13, 0.50;
  (Strong, MoreUnstable, LessThanAve, A) 0.34, 0.05, 0.61;
  (Strong, MoreUnstable, LessThanAve, B) 0.14, 0.47, 0.39;
  (Strong, MoreUnstable, LessThanAve, C) 0.17, 0.28, 0.55;
  (Strong, MoreUnstable, LessThanAve, D) 0.65, 0.04, 0.31;
  (Strong, MoreUnstable, LessThanAve, E) 0.14, 0.33, 0.53;
  (Strong, MoreUnstable, LessThanAve, F) 0.58, 0.36, 0.06;
  (Strong, MoreUnstable, LessThanAve, G) 0.02, 0.48, 0.50;
  (Strong, MoreUnstable, LessThanAve, H) 0.76, 0.20, 0.04;
  (Strong, MoreUnstable, LessThanAve, I) 0.03, 0.59, 0.38;
  (Strong, MoreUnstable, LessThanAve, J) 0.21, 0.31, 0.48;
  (Strong, MoreUnstable, LessThanAve, K) 0.54, 0.27, 0.19;
  (Strong, MoreUnstable, Average, A) 0.11, 0.51, 0.38;
  (Strong, MoreUnstable, Average, B) 0.38, 0.49, 0.13;
  (Strong, MoreUnstable, Average, C) 0.25, 0.74, 0.01;
  (Strong, MoreUnstable, Average, D) 0.39, 0.59, 0.02;
  (Strong, MoreUnstable, Average, E) 0.57, 0.20, 0.23;
  (Strong, MoreUnstable, Average, F) 0.38, 0.51, 0.11;
  (Strong, MoreUnstable, Average, G) 0.18, 0.37, 0.45;
  (Strong, MoreUnstable, Average, H) 0.39, 0.58, 0.03;
  (Strong, MoreUnstable, Average, I) 0.35, 0.41, 0.24;
  (Strong, MoreUnstable, Average, J) 0.02, 0.26, 0.72;
  (Strong, MoreUnstable, Average, K) 0.25, 0.56, 0.19;
  (Strong, MoreUnstable, MoreThanAve, A) 0.29, 0.22, 0.49;
  (Strong, MoreUnstable, MoreThanAve, B) 0.41, 0.32, 0.27;
  (Strong, MoreUnstable, MoreThanAve, C) 0.02, 0.25, 0.73;
  (Strong, MoreUnstable, MoreThanAve, D) 0.73, 0.02, 0.25;
  (Strong, MoreUnstable, MoreThanAve, E) 0.41, 0.04, 0.55;
  (Strong, MoreUnstable, MoreThanAve, F) 0.05, 0.25, 0.70;
  (Strong, MoreUnstable, MoreThanAve, G) 0.24, 0.32, 0.44;
  (Strong, MoreUnstable, MoreThanAve, H) 0.09, 0.58, 0.33;
  (Strong, MoreUnstable, MoreThanAve, I) 0.58, 0.19, 0.23;
  (Strong, MoreUnstable, MoreThanAve, J) 0.05, 0.66, 0.29;
  (Strong, MoreUnstable, MoreThanAve, K) 0.30, 0.42, 0.28;
};
probability ( LLIW ) {
  table 0.32, 0.14, 0.40, 0.14;
};
probability ( InsChange | LoLevMoistAd, CompPlFcst ) {
  (StrongPos, IncCapDecIns) 0.27, 0.14, 0.59;
  (StrongPos, LittleChange) 0.02, 0.73, 0.25;
  (StrongPos, DecCapIncIns) 0.15, 0.02, 0.83;
  (WeakPos, IncCapDecIns) 0.45, 0.15, 0.40;
  (WeakPos, LittleChange) 0.06, 0.28, 0.66;
  (WeakPos, DecCapIncIns) 0.55, 0.07, 0.38;
  (Neutral, IncCapDecIns) 0.13, 0.73, 0.14;
  (Neutral, LittleChange) 0.22, 0.14, 0.64;
  (Neutral, DecCapIncIns) 0.27, 0.35, 0.38;
  (Negative, IncCapDecIns) 0.25, 0.57, 0.18;
  (Negative, LittleChange) 0.16, 0.04, 0.80;
  (Negative, DecCapIncIns) 0.47, 0.12, 0.41;
};
probability ( IRCloudCover ) {
  table 0.49, 0.45, 0.06;
};
probability ( SfcWndShfDis | Scenario ) {
  (A) 0.20, 0.03, 0.30, 0.11, 0.03, 0.04, 0.29;
  (B) 0.41, 0.17, 0.03, 0.02, 0.07, 0.24, 0.06;
  (C) 0.02, 0.24, 0.33, 0.06, 0.23, 0.09, 0.03;
  (D) 0.32, 0.13, 0.09, 0.24, 0.08, 0.03, 0.11;
  (E) 0.05, 0.40, 0.04, 0.41, 0.01, 0.06, 0.03;
  (F) 0.07, 0.02, 0.67, 0.02, 0.06, 0.16, 0.00;
  (G) 0.01, 0.07, 0.09, 0.27, 0.18, 0.23, 0.15;
  (H) 0.19, 0.13, 0.00, 0.16, 0.32, 0.08, 0.12;
  (I) 0.09, 0.37, 0.23, 0.18, 0.01, 0.02, 0.10;
  (J) 0.03, 0.01, 0.27, 0.12, 0.50, 0.04, 0.03;
  (K) 0.02, 0.00, 0.18, 0.02, 0.55, 0.04, 0.19;
};
probability ( LatestCIN ) {
  table 0.23, 0.31, 0.16, 0.30;
};
probability ( CompPlFcst | Boundaries, CldShadeConv, AreaMeso_ALS, CldShadeOth ) {
  (None, None, StrongUp, Cloudy) 0.42, 0.29, 0.29;
  (None, None, StrongUp, PC) 0.07, 0.45, 0.48;
  (None, None, StrongUp, Clear) 0.07, 0.71, 0.22;
  (None, None, WeakUp, Cloudy) 0.45, 0.10, 0.45;
  (None, None, WeakUp, PC) 0.25, 0.06, 0.69;
  (None, None, WeakUp, Clear) 0.24, 0.57, 0.19;
  (None, None, Neutral, Cloudy) 0.04, 0.79, 0.17;
  (None, None, Neutral, PC) 0.04, 0.80, 0.16;
  (None, None, Neutral, Clear) 0.15, 0.61, 0.24;
  (None, None, Down, Cloudy) 0.04, 0.28, 0.68;
  (None, None, Down, PC) 0.69, 0.08, 0.23;
  (None, None, Down, Clear) 0.49, 0.04, 0.47;
  (None, Some, StrongUp, Cloudy) 0.09, 0.31, 0.60;
  (None, Some, StrongUp, PC) 0.63, 0.05, 0.32;
  (None, Some, StrongUp, Clear) 0.02, 0.67, 0.31;
  (None, Some, WeakUp, Cloudy) 0.51, 0.10, 0.39;
  (None, Some, WeakUp, PC) 0.50, 0.37, 0.13;
  (None, Some, WeakUp, Clear) 0.18, 0.19, 0.63;
  (None, Some, Neutral, Cloudy) 0.10, 0.54, 0.36;
  (None, Some, Neutral, PC) 0.07, 0.44, 0.49;
  (None, Some, Neutral, Clear) 0.18, 0.54, 0.28;
  (None, Some, Down, Cloudy) 0.26, 0.01, 0.73;
  (None, Some, Down, PC) 0.49, 0.10, 0.41;
  (None, Some, Down, Clear) 0.89, 0.05, 0.06;
  (None, Marked, StrongUp, Cloudy) 0.07, 0.77, 0.16;
  (None, Marked, StrongUp, PC) 0.16, 0.41, 0.43;
  (None, Marked, StrongUp, Clear) 0.07, 0.25, 0.68;
  (None, Marked, WeakUp, Cloudy) 0.07, 0.03, 0.90;
  (None, Marked, WeakUp, PC) 0.68, 0.24, 0.08;
  (None, Marked, WeakUp, Clear) 0.35, 0.56, 0.09;
  (None, Marked, Neutral, Cloudy) 0.30, 0.14, 0.56;
  (None, Marked, Neutral, PC) 0.02, 0.39, 0.59;
  (None, Marked, Neutral, Clear) 0.74, 0.18, 0.08;
  (None, Marked, Down, Cloudy) 0.19, 0.23, 0.58;
  (None, Marked, Down, PC) 0.20, 0.75, 0.05;
  (None, Marked, Down, Clear) 0.28, 0.43, 0.29;
  (Weak, None, StrongUp, Cloudy) 0.10, 0.65, 0.25;
  (Weak, None, StrongUp, PC) 0.31, 0.24, 0.45;
  (Weak, None, StrongUp, Clear) 0.72, 0.06, 0.22;
  (Weak, None, WeakUp, Cloudy) 0.58, 0.36, 0.06;
  (Weak, None, WeakUp, PC) 0.15, 0.85, 0.00;
  (Weak, None, WeakUp, Clear) 0.26, 0.13, 0.61;
  (Weak, None, Neutral, Cloudy) 0.11, 0.71, 0.18;
  (Weak, None, Neutral, PC) 0.04, 0.32, 0.64;
  (Weak, None, Neutral, Clear) 0.47, 0.33, 0.20;
  (Weak, None, Down, Cloudy) 0.06, 0.24, 0.70;
  (Weak, None, Down, PC) 0.34, 0.56, 0.10;
  (Weak, None, Down, Clear) 0.07, 0.17, 0.76;
  (Weak, Some, StrongUp, Cloudy) 0.09, 0.52, 0.39;
  (Weak, Some, StrongUp, PC) 0.68, 0.12, 0.20;
  (Weak, Some, StrongUp, Clear) 0.24, 0.16, 0.60;
  (Weak, Some, WeakUp, Cloudy) 0.33, 0.52, 0.15;
  (Weak, Some, WeakUp, PC) 0.05, 0.13, 0.82;
  (Weak, Some, WeakUp, Clear) 0.23, 0.23, 0.54;
  (Weak, Some, Neutral, Cloudy) 0.04, 0.31, 0.65;
  (Weak, Some, Neutral, PC) 0.03, 0.12, 0.85;
  (Weak, Some, Neutral, Clear) 0.41, 0.54, 0.05;
  (Weak, Some, Down, Cloudy) 0.44, 0.04, 0.52;
  (Weak, Some, Down, PC) 0.03, 0.65, 0.32;
  (Weak, Some, Down, Clear) 0.77, 0.15, 0.08;
  (Weak, Marked, StrongUp, Cloudy) 0.31, 0.20, 0.49;
  (Weak, Marked, StrongUp, PC) 0.11, 0.57, 0.32;
  (Weak, Marked, StrongUp, Clear) 0.32, 0.16, 0.52;
  (Weak, Marked, WeakUp, Cloudy) 0.36, 0.01, 0.63;
  (Weak, Marked, WeakUp, PC) 0.52, 0.46, 0.02;
  (Weak, Marked, WeakUp, Clear) 0.48, 0.30, 0.22;
  (Weak, Marked, Neutral, Cloudy) 0.58, 0.29, 0.13;
  (Weak, Marked, Neutral, PC) 0.60, 0.20, 0.20;
  (Weak, Marked, Neutral, Clear) 0.53, 0.39, 0.08;
  (Weak, Marked, Down, Cloudy) 0.75, 0.24, 0.01;
  (Weak, Marked, Down, PC) 0.46, 0.04, 0.50;
  (Weak, Marked, Down, Clear) 0.04, 0.57, 0.39;
  (Strong, None, StrongUp, Cloudy) 0.05, 0.85, 0.10;
  (Strong, None, StrongUp, PC) 0.15, 0.70, 0.15;
  (Strong, None, StrongUp, Clear) 0.19, 0.51, 0.30;
  (Strong, None, WeakUp, Cloudy) 0.03, 0.31, 0.66;
  (Strong, None, WeakUp, PC) 0.26, 0.63, 0.11;
  (Strong, None, WeakUp, Clear) 0.56, 0.37, 0.07;
  (Strong, None, Neutral, Cloudy) 0.41, 0.26, 0.33;
  (Strong, None, Neutral, PC) 0.88, 0.05, 0.07;
  (Strong, None, Neutral, Clear) 0.67, 0.21, 0.12;
  (Strong, None, Down, Cloudy) 0.15, 0.29, 0.56;
  (Strong, None, Down, PC) 0.49, 0.19, 0.32;
  (Strong, None, Down, Clear) 0.46, 0.42, 0.12;
  (Strong, Some, StrongUp, Cloudy) 0.27, 0.17, 0.56;
  (Strong, Some, StrongUp, PC) 0.15, 0.43, 0.42;
  (Strong, Some, StrongUp, Clear) 0.11, 0.40, 0.49;
  (Strong, Some, WeakUp, Cloudy) 0.03, 0.61, 0.36;
  (Strong, Some, WeakUp, PC) 0.21, 0.45, 0.34;
  (Strong, Some, WeakUp, Clear) 0.29, 0.18, 0.53;
  (Strong, Some, Neutral, Cloudy) 0.53, 0.28, 0.19;
  (Strong, Some, Neutral, PC) 0.06, 0.87, 0.07;
  (Strong, Some, Neutral, Clear) 0.23, 0.73, 0.04;
  (Strong, Some, Down, Cloudy) 0.12, 0.36, 0.52;
  (Strong, Some, Down, PC) 0.14, 0.25, 0.61;
  (Strong, Some, Down, Clear) 0.36, 0.63, 0.01;
  (Strong, Marked, StrongUp, Cloudy) 0.30, 0.04, 0.66;
  (Strong, Marked, StrongUp, PC) 0.38, 0.33, 0.29;
  (Strong, Marked, StrongUp, Clear) 0.65, 0.02, 0.33;
  (Strong, Marked, WeakUp, Cloudy) 0.27, 0.53, 0.20;
  (Strong, Marked, WeakUp, PC) 0.05, 0.78, 0.17;
  (Strong, Marked, WeakUp, Clear) 0.08, 0.24, 0.68;
