// Bayesian Network (Learned by EM)

variable N0_7muVerMo {
  type discrete [ 4 ] = { StrongUp, WeakUp, Neutral, Down };
}
variable SubjVertMo {
  type discrete [ 4 ] = { StronUp, WeakUp, Neutral, Down };
}
variable QGVertMotion {
  type discrete [ 4 ] = { StrongUp, WeakUp, Neutral, Down };
}
variable CombVerMo {
  type discrete [ 4 ] = { StrongUp, WeakUp, Neutral, Down };
}
variable AreaMeso_ALS {
  type discrete [ 4 ] = { StrongUp, WeakUp, Neutral, Down };
}
variable SatContMoist {
  type discrete [ 4 ] = { VeryWet, Wet, Neutral, Dry };
}
variable RaoContMoist {
  type discrete [ 4 ] = { VeryWet, Wet, Neutral, Dry };
}
variable CombMoisture {
  type discrete [ 4 ] = { VeryWet, Wet, Neutral, Dry };
}
variable AreaMoDryAir {
  type discrete [ 4 ] = { VeryWet, Wet, Neutral, Dry };
}
variable VISCloudCov {
  type discrete [ 3 ] = { Cloudy, PC, Clear };
}
variable IRCloudCover {
  type discrete [ 3 ] = { Cloudy, PC, Clear };
}
variable CombClouds {
  type discrete [ 3 ] = { Cloudy, PC, Clear };
}
variable CldShadeOth {
  type discrete [ 3 ] = { Cloudy, PC, Clear };
}
variable AMInstabMt {
  type discrete [ 3 ] = { None, Weak, Strong };
}
variable InsInMt {
  type discrete [ 3 ] = { None, Weak, Strong };
}
variable WndHodograph {
  type discrete [ 4 ] = { DCVZFavor, StrongWest, Westerly, Other };
}
variable OutflowFrMt {
  type discrete [ 3 ] = { None, Weak, Strong };
}
variable MorningBound {
  type discrete [ 3 ] = { None, Weak, Strong };
}
variable Boundaries {
  type discrete [ 3 ] = { None, Weak, Strong };
}
variable CldShadeConv {
  type discrete [ 3 ] = { None, Some, Marked };
}
variable CompPlFcst {
  type discrete [ 3 ] = { IncCapDecIns, LittleChange, DecCapIncIns };
}
variable CapChange {
  type discrete [ 3 ] = { Decreasing, LittleChange, Increasing };
}
variable LoLevMoistAd {
  type discrete [ 4 ] = { StrongPos, WeakPos, Neutral, Negative };
}
variable InsChange {
  type discrete [ 3 ] = { Decreasing, LittleChange, Increasing };
}
variable MountainFcst {
  type discrete [ 3 ] = { XNIL, SIG, SVR };
}
variable Date {
  type discrete [ 6 ] = { May15_Jun14, Jun15_Jul1, Jul2_Jul15, Jul16_Aug10, Aug11_Aug20, Aug20_Sep15 };
}
variable Scenario {
  type discrete [ 11 ] = { A, B, C, D, E, F, G, H, I, J, K };
}
variable ScenRelAMCIN {
  type discrete [ 2 ] = { AB, CThruK };
}
variable MorningCIN {
  type discrete [ 4 ] = { None, PartInhibit, Stifling, TotalInhibit };
}
variable AMCINInScen {
  type discrete [ 3 ] = { LessThanAve, Average, MoreThanAve };
}
variable CapInScen {
  type discrete [ 3 ] = { LessThanAve, Average, MoreThanAve };
}
variable ScenRelAMIns {
  type discrete [ 6 ] = { ABI, CDEJ, F, G, H, K };
}
variable LIfr12ZDENSd {
  type discrete [ 4 ] = { LIGt0, N1GtLIGt_4, N5GtLIGt_8, LILt_8 };
}
variable AMDewptCalPl {
  type discrete [ 3 ] = { Instability, Neutral, Stability };
}
variable AMInsWliScen {
  type discrete [ 3 ] = { LessUnstable, Average, MoreUnstable };
}
variable InsSclInScen {
  type discrete [ 3 ] = { LessUnstable, Average, MoreUnstable };
}
variable ScenRel3_4 {
  type discrete [ 5 ] = { ACEFK, B, D, GJ, HI };
}
variable LatestCIN {
  type discrete [ 4 ] = { None, PartInhibit, Stifling, TotalInhibit };
}
variable LLIW {
  type discrete [ 4 ] = { Unfavorable, Weak, Moderate, Strong };
}
variable CurPropConv {
  type discrete [ 4 ] = { None, Slight, Moderate, Strong };
}
variable ScnRelPlFcst {
  type discrete [ 11 ] = { A, B, C, D, E, F, G, H, I, J, K };
}
variable PlainsFcst {
  type discrete [ 3 ] = { XNIL, SIG, SVR };
}
variable N34StarFcst {
  type discrete [ 3 ] = { XNIL, SIG, SVR };
}
variable R5Fcst {
  type discrete [ 3 ] = { XNIL, SIG, SVR };
}
variable Dewpoints {
  type discrete [ 7 ] = { LowEvrywhere, LowAtStation, LowSHighN, LowNHighS, LowMtsHighPl, HighEvrywher, Other };
}
variable LowLLapse {
  type discrete [ 4 ] = { CloseToDryAd, Steep, ModerateOrLe, Stable };
}
variable MeanRH {
  type discrete [ 3 ] = { VeryMoist, Average, Dry };
}
variable MidLLapse {
  type discrete [ 3 ] = { CloseToDryAd, Steep, ModerateOrLe };
}
variable MvmtFeatures {
  type discrete [ 4 ] = { StrongFront, MarkedUpper, OtherRapid, NoMajor };
}
variable RHRatio {
  type discrete [ 3 ] = { MoistMDryL, DryMMoistL, Other };
}
variable SfcWndShfDis {
  type discrete [ 7 ] = { DenvCyclone, E_W_N, E_W_S, MovingFtorOt, DryLine, None, Other };
}
variable SynForcng {
  type discrete [ 5 ] = { SigNegative, NegToPos, SigPositive, PosToNeg, LittleChange };
}
variable TempDis {
  type discrete [ 4 ] = { QStationary, Moving, None, Other };
}
variable WindAloft {
  type discrete [ 4 ] = { LV, SWQuad, NWQuad, AllElse };
}
variable WindFieldMt {
  type discrete [ 2 ] = { Westerly, LVorOther };
}
variable WindFieldPln {
  type discrete [ 6 ] = { LV, DenvCyclone, LongAnticyc, E_NE, SEQuad, WidespdDnsl };
}
probability ( N0_7muVerMo ) {
    table 0.2583, 0.2515, 0.2417, 0.2485;
};

probability ( SubjVertMo ) {
    table 0.1487, 0.1481, 0.5012, 0.2020;
};

probability ( QGVertMotion ) {
    table 0.1465, 0.1520, 0.4911, 0.2104;
};

probability ( CombVerMo | N0_7muVerMo, SubjVertMo, QGVertMotion ) {
    ( StrongUp, StronUp, StrongUp ) 0.9438, 0.0185, 0.0198, 0.0179;
    ( StrongUp, StronUp, WeakUp ) 0.8572, 0.1063, 0.0192, 0.0174;
    ( StrongUp, StronUp, Neutral ) 0.7606, 0.1637, 0.0702, 0.0056;
    ( StrongUp, StronUp, Down ) 0.2266, 0.4278, 0.2783, 0.0673;
    ( StrongUp, WeakUp, StrongUp ) 0.8082, 0.1580, 0.0180, 0.0159;
    ( StrongUp, WeakUp, WeakUp ) 0.5768, 0.3842, 0.0208, 0.0182;
    ( StrongUp, WeakUp, Neutral ) 0.1057, 0.7462, 0.1422, 0.0059;
    ( StrongUp, WeakUp, Down ) 0.0920, 0.3025, 0.4843, 0.1212;
    ( StrongUp, Neutral, StrongUp ) 0.6890, 0.2323, 0.0729, 0.0059;
    ( StrongUp, Neutral, WeakUp ) 0.1600, 0.6675, 0.1668, 0.0058;
    ( StrongUp, Neutral, Neutral ) 0.1876, 0.6024, 0.2082, 0.0017;
    ( StrongUp, Neutral, Down ) 0.1220, 0.2130, 0.5844, 0.0805;
    ( StrongUp, Down, StrongUp ) 0.3038, 0.4193, 0.1676, 0.1093;
    ( StrongUp, Down, WeakUp ) 0.1272, 0.3230, 0.4105, 0.1392;
    ( StrongUp, Down, Neutral ) 0.0667, 0.1692, 0.6496, 0.1145;
    ( StrongUp, Down, Down ) 0.0859, 0.1027, 0.1417, 0.6697;
    ( WeakUp, StronUp, StrongUp ) 0.8532, 0.1137, 0.0161, 0.0170;
    ( WeakUp, StronUp, WeakUp ) 0.6625, 0.3037, 0.0164, 0.0173;
    ( WeakUp, StronUp, Neutral ) 0.1631, 0.6768, 0.1538, 0.0064;
    ( WeakUp, StronUp, Down ) 0.1234, 0.3619, 0.3966, 0.1181;
    ( WeakUp, WeakUp, StrongUp ) 0.6269, 0.3335, 0.0200, 0.0196;
    ( WeakUp, WeakUp, WeakUp ) 0.0152, 0.9548, 0.0151, 0.0149;
    ( WeakUp, WeakUp, Neutral ) 0.0052, 0.7536, 0.2359, 0.0053;
    ( WeakUp, WeakUp, Down ) 0.0114, 0.1963, 0.6978, 0.0945;
    ( WeakUp, Neutral, StrongUp ) 0.1332, 0.6869, 0.1742, 0.0057;
    ( WeakUp, Neutral, WeakUp ) 0.0048, 0.6964, 0.2941, 0.0046;
    ( WeakUp, Neutral, Neutral ) 0.0018, 0.2864, 0.7101, 0.0018;
    ( WeakUp, Neutral, Down ) 0.0042, 0.1826, 0.3746, 0.4386;
    ( WeakUp, Down, StrongUp ) 0.1834, 0.2952, 0.4267, 0.0947;
    ( WeakUp, Down, WeakUp ) 0.0133, 0.2277, 0.5975, 0.1615;
    ( WeakUp, Down, Neutral ) 0.0040, 0.1720, 0.4813, 0.3426;
    ( WeakUp, Down, Down ) 0.0086, 0.0933, 0.1644, 0.7337;
    ( Neutral, StronUp, StrongUp ) 0.7183, 0.1579, 0.1084, 0.0154;
    ( Neutral, StronUp, WeakUp ) 0.1755, 0.5729, 0.2356, 0.0160;
    ( Neutral, StronUp, Neutral ) 0.1356, 0.5751, 0.2837, 0.0056;
    ( Neutral, StronUp, Down ) 0.0594, 0.2041, 0.6605, 0.0760;
    ( Neutral, WeakUp, StrongUp ) 0.1632, 0.6532, 0.1601, 0.0235;
    ( Neutral, WeakUp, WeakUp ) 0.0176, 0.6419, 0.3237, 0.0168;
    ( Neutral, WeakUp, Neutral ) 0.0065, 0.3401, 0.6470, 0.0063;
    ( Neutral, WeakUp, Down ) 0.0118, 0.1705, 0.3799, 0.4378;
    ( Neutral, Neutral, StrongUp ) 0.1932, 0.5733, 0.2282, 0.0053;
    ( Neutral, Neutral, WeakUp ) 0.0066, 0.3189, 0.6685, 0.0061;
    ( Neutral, Neutral, Neutral ) 0.0017, 0.0018, 0.9947, 0.0018;
    ( Neutral, Neutral, Down ) 0.0038, 0.0039, 0.7115, 0.2808;
    ( Neutral, Down, StrongUp ) 0.1162, 0.2431, 0.5278, 0.1130;
    ( Neutral, Down, WeakUp ) 0.0129, 0.1489, 0.4787, 0.3595;
    ( Neutral, Down, Neutral ) 0.0045, 0.0045, 0.6827, 0.3082;
    ( Neutral, Down, Down ) 0.0084, 0.0084, 0.3767, 0.6064;
    ( Down, StronUp, StrongUp ) 0.1785, 0.4337, 0.2978, 0.0900;
    ( Down, StronUp, WeakUp ) 0.0962, 0.3067, 0.4803, 0.1169;
    ( Down, StronUp, Neutral ) 0.1074, 0.1788, 0.6034, 0.1104;
    ( Down, StronUp, Down ) 0.1127, 0.0657, 0.2702, 0.5514;
    ( Down, WeakUp, StrongUp ) 0.1130, 0.3481, 0.4261, 0.1128;
    ( Down, WeakUp, WeakUp ) 0.0180, 0.2156, 0.6194, 0.1471;
    ( Down, WeakUp, Neutral ) 0.0051, 0.1786, 0.5104, 0.3059;
    ( Down, WeakUp, Down ) 0.0127, 0.1163, 0.1890, 0.6821;
    ( Down, Neutral, StrongUp ) 0.1172, 0.2325, 0.5522, 0.0981;
    ( Down, Neutral, WeakUp ) 0.0053, 0.1284, 0.4882, 0.3781;
    ( Down, Neutral, Neutral ) 0.0017, 0.0018, 0.6810, 0.3155;
    ( Down, Neutral, Down ) 0.0039, 0.0041, 0.3311, 0.6609;
    ( Down, Down, StrongUp ) 0.1107, 0.0692, 0.2439, 0.5762;
    ( Down, Down, WeakUp ) 0.0143, 0.1165, 0.1811, 0.6881;
    ( Down, Down, Neutral ) 0.0042, 0.0043, 0.3149, 0.6766;
    ( Down, Down, Down ) 0.0101, 0.0101, 0.0111, 0.9687;
};

probability ( AreaMeso_ALS | CombVerMo ) {
    ( StrongUp ) 0.9974, 0.0009, 0.0009, 0.0009;
    ( WeakUp ) 0.0004, 0.9989, 0.0004, 0.0004;
    ( Neutral ) 0.0002, 0.0002, 0.9993, 0.0002;
    ( Down ) 0.0006, 0.0006, 0.0006, 0.9983;
};

probability ( SatContMoist ) {
    table 0.1545, 0.1994, 0.4001, 0.2460;
};

probability ( RaoContMoist ) {
    table 0.1546, 0.2007, 0.3985, 0.2463;
};

probability ( CombMoisture | SatContMoist, RaoContMoist ) {
    ( VeryWet, VeryWet ) 0.8864, 0.1054, 0.0042, 0.0040;
    ( VeryWet, Wet ) 0.6246, 0.3233, 0.0491, 0.0030;
    ( VeryWet, Neutral ) 0.2895, 0.4999, 0.2089, 0.0018;
    ( VeryWet, Dry ) 0.2607, 0.3621, 0.2374, 0.1398;
    ( Wet, VeryWet ) 0.5232, 0.4297, 0.0438, 0.0033;
    ( Wet, Wet ) 0.1318, 0.5987, 0.2051, 0.0645;
    ( Wet, Neutral ) 0.0508, 0.4247, 0.4281, 0.0964;
    ( Wet, Dry ) 0.1269, 0.3101, 0.2849, 0.2781;
    ( Neutral, VeryWet ) 0.2259, 0.3045, 0.3625, 0.1071;
    ( Neutral, Wet ) 0.0999, 0.3270, 0.5130, 0.0601;
    ( Neutral, Neutral ) 0.0007, 0.1586, 0.6797, 0.1611;
    ( Neutral, Dry ) 0.0011, 0.1098, 0.3490, 0.5401;
    ( Dry, VeryWet ) 0.2196, 0.3077, 0.2255, 0.2472;
    ( Dry, Wet ) 0.2448, 0.3000, 0.1963, 0.2589;
    ( Dry, Neutral ) 0.2553, 0.2325, 0.2551, 0.2571;
    ( Dry, Dry ) 0.2374, 0.2663, 0.2402, 0.2560;
};

probability ( AreaMoDryAir | AreaMeso_ALS, CombMoisture ) {
    ( StrongUp, VeryWet ) 0.9828, 0.0086, 0.0043, 0.0043;
    ( StrongUp, Wet ) 0.7522, 0.2418, 0.0030, 0.0029;
    ( StrongUp, Neutral ) 0.2258, 0.5160, 0.2472, 0.0110;
    ( StrongUp, Dry ) 0.0053, 0.2577, 0.5541, 0.1828;
    ( WeakUp, VeryWet ) 0.7871, 0.2090, 0.0020, 0.0020;
    ( WeakUp, Wet ) 0.3261, 0.5738, 0.0988, 0.0013;
    ( WeakUp, Neutral ) 0.0131, 0.3804, 0.5473, 0.0592;
    ( WeakUp, Dry ) 0.0020, 0.0263, 0.4460, 0.5257;
    ( Neutral, VeryWet ) 0.7085, 0.2760, 0.0142, 0.0013;
    ( Neutral, Wet ) 0.1874, 0.6023, 0.2095, 0.0008;
    ( Neutral, Neutral ) 0.0067, 0.0954, 0.8055, 0.0925;
    ( Neutral, Dry ) 0.0013, 0.0013, 0.2788, 0.7186;
    ( Down, VeryWet ) 0.2529, 0.7002, 0.0435, 0.0033;
    ( Down, Wet ) 0.0670, 0.3655, 0.4431, 0.1243;
    ( Down, Neutral ) 0.0017, 0.0553, 0.5123, 0.4307;
    ( Down, Dry ) 0.0031, 0.0031, 0.0122, 0.9816;
};

probability ( VISCloudCov ) {
    table 0.1049, 0.4961, 0.3989;
};

probability ( IRCloudCover ) {
    table 0.1491, 0.4476, 0.4033;
};

probability ( CombClouds | VISCloudCov, IRCloudCover ) {
    ( Cloudy, Cloudy ) 0.9425, 0.0511, 0.0065;
    ( Cloudy, PC ) 0.8542, 0.1290, 0.0168;
    ( Cloudy, Clear ) 0.7928, 0.1086, 0.0985;
    ( PC, Cloudy ) 0.4631, 0.5007, 0.0363;
    ( PC, PC ) 0.0893, 0.8126, 0.0981;
    ( PC, Clear ) 0.0491, 0.4785, 0.4723;
    ( Clear, Cloudy ) 0.1008, 0.3956, 0.5036;
    ( Clear, PC ) 0.0272, 0.2639, 0.7089;
    ( Clear, Clear ) 0.0006, 0.0175, 0.9819;
};

probability ( CldShadeOth | AreaMoDryAir, AreaMeso_ALS, CombClouds ) {
    ( VeryWet, StrongUp, Cloudy ) 0.9814, 0.0093, 0.0093;
    ( VeryWet, StrongUp, PC ) 0.8710, 0.1241, 0.0049;
    ( VeryWet, StrongUp, Clear ) 0.2728, 0.3444, 0.3828;
    ( VeryWet, WeakUp, Cloudy ) 0.8951, 0.0962, 0.0087;
    ( VeryWet, WeakUp, PC ) 0.4323, 0.5396, 0.0281;
    ( VeryWet, WeakUp, Clear ) 0.0566, 0.4838, 0.4596;
    ( VeryWet, Neutral, Cloudy ) 0.9406, 0.0509, 0.0085;
    ( VeryWet, Neutral, PC ) 0.2190, 0.7645, 0.0165;
    ( VeryWet, Neutral, Clear ) 0.0141, 0.2686, 0.7172;
    ( VeryWet, Down, Cloudy ) 0.7254, 0.2096, 0.0650;
    ( VeryWet, Down, PC ) 0.0186, 0.4871, 0.4943;
    ( VeryWet, Down, Clear ) 0.0195, 0.0975, 0.8830;
    ( Wet, StrongUp, Cloudy ) 0.9116, 0.0703, 0.0181;
    ( Wet, StrongUp, PC ) 0.6633, 0.3207, 0.0160;
    ( Wet, StrongUp, Clear ) 0.1456, 0.4113, 0.4431;
    ( Wet, WeakUp, Cloudy ) 0.9010, 0.0860, 0.0130;
    ( Wet, WeakUp, PC ) 0.2347, 0.5910, 0.1744;
    ( Wet, WeakUp, Clear ) 0.0076, 0.2780, 0.7144;
    ( Wet, Neutral, Cloudy ) 0.7962, 0.1982, 0.0057;
    ( Wet, Neutral, PC ) 0.0110, 0.8862, 0.1028;
    ( Wet, Neutral, Clear ) 0.0022, 0.1254, 0.8724;
    ( Wet, Down, Cloudy ) 0.6549, 0.3117, 0.0334;
    ( Wet, Down, PC ) 0.0057, 0.3871, 0.6072;
    ( Wet, Down, Clear ) 0.0056, 0.0225, 0.9720;
    ( Neutral, StrongUp, Cloudy ) 0.9116, 0.0593, 0.0291;
    ( Neutral, StrongUp, PC ) 0.4746, 0.4517, 0.0737;
    ( Neutral, StrongUp, Clear ) 0.1166, 0.4553, 0.4281;
    ( Neutral, WeakUp, Cloudy ) 0.8433, 0.1483, 0.0083;
    ( Neutral, WeakUp, PC ) 0.1462, 0.7831, 0.0707;
    ( Neutral, WeakUp, Clear ) 0.0027, 0.2184, 0.7790;
    ( Neutral, Neutral, Cloudy ) 0.7808, 0.1966, 0.0226;
    ( Neutral, Neutral, PC ) 0.0200, 0.8703, 0.1097;
    ( Neutral, Neutral, Clear ) 0.0013, 0.0580, 0.9407;
    ( Neutral, Down, Cloudy ) 0.5552, 0.4140, 0.0308;
    ( Neutral, Down, PC ) 0.0094, 0.7186, 0.2720;
    ( Neutral, Down, Clear ) 0.0039, 0.0117, 0.9844;
    ( Dry, StrongUp, Cloudy ) 0.7803, 0.1099, 0.1098;
    ( Dry, StrongUp, PC ) 0.3337, 0.6206, 0.0458;
    ( Dry, StrongUp, Clear ) 0.1417, 0.2172, 0.6411;
    ( Dry, WeakUp, Cloudy ) 0.5891, 0.3952, 0.0157;
    ( Dry, WeakUp, PC ) 0.0245, 0.9211, 0.0544;
    ( Dry, WeakUp, Clear ) 0.0073, 0.1293, 0.8634;
    ( Dry, Neutral, Cloudy ) 0.7670, 0.1912, 0.0418;
    ( Dry, Neutral, PC ) 0.0213, 0.7787, 0.2001;
    ( Dry, Neutral, Clear ) 0.0033, 0.0507, 0.9460;
    ( Dry, Down, Cloudy ) 0.4326, 0.5422, 0.0253;
    ( Dry, Down, PC ) 0.0510, 0.6609, 0.2881;
    ( Dry, Down, Clear ) 0.0068, 0.0036, 0.9896;
};

probability ( AMInstabMt ) {
    table 0.3291, 0.3387, 0.3322;
};

probability ( InsInMt | CldShadeOth, AMInstabMt ) {
    ( Cloudy, None ) 0.8766, 0.1218, 0.0016;
    ( Cloudy, Weak ) 0.0042, 0.3917, 0.6041;
    ( Cloudy, Strong ) 0.0014, 0.0454, 0.9531;
    ( PC, None ) 0.6047, 0.3815, 0.0138;
    ( PC, Weak ) 0.0008, 0.3964, 0.6029;
    ( PC, Strong ) 0.0008, 0.0008, 0.9983;
    ( Clear, None ) 0.5078, 0.3417, 0.1505;
    ( Clear, Weak ) 0.0008, 0.1588, 0.8404;
    ( Clear, Strong ) 0.0007, 0.0007, 0.9985;
};

probability ( WndHodograph ) {
    table 0.2998, 0.2507, 0.2468, 0.2028;
};

probability ( OutflowFrMt | InsInMt, WndHodograph ) {
    ( None, DCVZFavor ) 0.9964, 0.0017, 0.0020;
    ( None, StrongWest ) 0.9961, 0.0020, 0.0019;
    ( None, Westerly ) 0.9958, 0.0022, 0.0020;
    ( None, Other ) 0.9950, 0.0025, 0.0025;
    ( Weak, DCVZFavor ) 0.5012, 0.4124, 0.0863;
    ( Weak, StrongWest ) 0.1641, 0.3908, 0.4452;
    ( Weak, Westerly ) 0.3463, 0.5913, 0.0624;
    ( Weak, Other ) 0.7986, 0.1847, 0.0167;
    ( Strong, DCVZFavor ) 0.0448, 0.4460, 0.5092;
    ( Strong, StrongWest ) 0.0140, 0.1548, 0.8312;
    ( Strong, Westerly ) 0.1134, 0.2250, 0.6616;
    ( Strong, Other ) 0.6154, 0.2942, 0.0904;
};

probability ( MorningBound ) {
    table 0.4951, 0.3579, 0.1469;
};

probability ( Boundaries | OutflowFrMt, WndHodograph, MorningBound ) {
    ( None, DCVZFavor, None ) 0.4906, 0.4869, 0.0225;
    ( None, DCVZFavor, Weak ) 0.3906, 0.4127, 0.1967;
    ( None, DCVZFavor, Strong ) 0.1227, 0.2672, 0.6102;
    ( None, StrongWest, None ) 0.7370, 0.2277, 0.0353;
    ( None, StrongWest, Weak ) 0.4890, 0.4150, 0.0959;
    ( None, StrongWest, Strong ) 0.2722, 0.3837, 0.3441;
    ( None, Westerly, None ) 0.7894, 0.1973, 0.0133;
    ( None, Westerly, Weak ) 0.3555, 0.5028, 0.1417;
    ( None, Westerly, Strong ) 0.2383, 0.3808, 0.3809;
    ( None, Other, None ) 0.7241, 0.2499, 0.0260;
    ( None, Other, Weak ) 0.2728, 0.5943, 0.1328;
    ( None, Other, Strong ) 0.0419, 0.3587, 0.5995;
    ( Weak, DCVZFavor, None ) 0.2802, 0.6428, 0.0769;
    ( Weak, DCVZFavor, Weak ) 0.1076, 0.5113, 0.3811;
    ( Weak, DCVZFavor, Strong ) 0.0287, 0.2358, 0.7355;
    ( Weak, StrongWest, None ) 0.1827, 0.7041, 0.1132;
    ( Weak, StrongWest, Weak ) 0.0718, 0.7493, 0.1789;
    ( Weak, StrongWest, Strong ) 0.1003, 0.4257, 0.4740;
    ( Weak, Westerly, None ) 0.1587, 0.7096, 0.1317;
    ( Weak, Westerly, Weak ) 0.0661, 0.7685, 0.1654;
    ( Weak, Westerly, Strong ) 0.0616, 0.4805, 0.4580;
    ( Weak, Other, None ) 0.4094, 0.5160, 0.0746;
    ( Weak, Other, Weak ) 0.2400, 0.6399, 0.1202;
    ( Weak, Other, Strong ) 0.0798, 0.2892, 0.6309;
    ( Strong, DCVZFavor, None ) 0.0022, 0.5521, 0.4457;
    ( Strong, DCVZFavor, Weak ) 0.0032, 0.4038, 0.5930;
    ( Strong, DCVZFavor, Strong ) 0.0064, 0.1535, 0.8401;
    ( Strong, StrongWest, None ) 0.0014, 0.5149, 0.4837;
    ( Strong, StrongWest, Weak ) 0.0019, 0.3982, 0.6000;
    ( Strong, StrongWest, Strong ) 0.0049, 0.2004, 0.7947;
    ( Strong, Westerly, None ) 0.0021, 0.6914, 0.3065;
    ( Strong, Westerly, Weak ) 0.0030, 0.4918, 0.5052;
    ( Strong, Westerly, Strong ) 0.0072, 0.2070, 0.7858;
    ( Strong, Other, None ) 0.0186, 0.7797, 0.2018;
    ( Strong, Other, Weak ) 0.0417, 0.4162, 0.5421;
    ( Strong, Other, Strong ) 0.0586, 0.1217, 0.8196;
};

probability ( CldShadeConv | InsInMt, WndHodograph ) {
    ( None, DCVZFavor ) 0.9965, 0.0018, 0.0017;
    ( None, StrongWest ) 0.9962, 0.0019, 0.0019;
    ( None, Westerly ) 0.9960, 0.0020, 0.0020;
    ( None, Other ) 0.9950, 0.0025, 0.0025;
    ( Weak, DCVZFavor ) 0.3249, 0.5836, 0.0915;
    ( Weak, StrongWest ) 0.2007, 0.6801, 0.1192;
    ( Weak, Westerly ) 0.5144, 0.4457, 0.0399;
    ( Weak, Other ) 0.7759, 0.2095, 0.0146;
    ( Strong, DCVZFavor ) 0.0006, 0.3163, 0.6831;
    ( Strong, StrongWest ) 0.0007, 0.1976, 0.8017;
    ( Strong, Westerly ) 0.0962, 0.4950, 0.4088;
    ( Strong, Other ) 0.5082, 0.3876, 0.1042;
};

probability ( CompPlFcst | Boundaries, CldShadeConv, AreaMeso_ALS, CldShadeOth ) {
    ( None, None, StrongUp, Cloudy ) 0.3403, 0.3460, 0.3137;
    ( None, None, StrongUp, PC ) 0.0638, 0.3468, 0.5894;
    ( None, None, StrongUp, Clear ) 0.1332, 0.3332, 0.5336;
    ( None, None, WeakUp, Cloudy ) 0.5934, 0.3069, 0.0997;
    ( None, None, WeakUp, PC ) 0.4209, 0.2779, 0.3012;
    ( None, None, WeakUp, Clear ) 0.1946, 0.5396, 0.2658;
    ( None, None, Neutral, Cloudy ) 0.6399, 0.3298, 0.0303;
    ( None, None, Neutral, PC ) 0.4666, 0.4092, 0.1242;
    ( None, None, Neutral, Clear ) 0.2401, 0.4530, 0.3069;
    ( None, None, Down, Cloudy ) 0.5403, 0.4056, 0.0541;
    ( None, None, Down, PC ) 0.6331, 0.3151, 0.0518;
    ( None, None, Down, Clear ) 0.5973, 0.3571, 0.0456;
    ( None, Some, StrongUp, Cloudy ) 0.4695, 0.2349, 0.2956;
    ( None, Some, StrongUp, PC ) 0.4210, 0.2446, 0.3344;
    ( None, Some, StrongUp, Clear ) 0.3824, 0.1912, 0.4263;
    ( None, Some, WeakUp, Cloudy ) 0.5929, 0.3198, 0.0873;
    ( None, Some, WeakUp, PC ) 0.3407, 0.3828, 0.2764;
    ( None, Some, WeakUp, Clear ) 0.2915, 0.5548, 0.1537;
    ( None, Some, Neutral, Cloudy ) 0.7134, 0.1780, 0.1086;
    ( None, Some, Neutral, PC ) 0.4513, 0.4248, 0.1239;
    ( None, Some, Neutral, Clear ) 0.3027, 0.4253, 0.2720;
    ( None, Some, Down, Cloudy ) 0.5003, 0.4373, 0.0624;
    ( None, Some, Down, PC ) 0.6884, 0.2379, 0.0737;
    ( None, Some, Down, Clear ) 0.6221, 0.3196, 0.0583;
    ( None, Marked, StrongUp, Cloudy ) 0.5002, 0.3312, 0.1685;
    ( None, Marked, StrongUp, PC ) 0.4609, 0.2669, 0.2722;
    ( None, Marked, StrongUp, Clear ) 0.2950, 0.3934, 0.3116;
    ( None, Marked, WeakUp, Cloudy ) 0.6157, 0.3072, 0.0771;
    ( None, Marked, WeakUp, PC ) 0.6705, 0.1610, 0.1684;
    ( None, Marked, WeakUp, Clear ) 0.4081, 0.3650, 0.2269;
    ( None, Marked, Neutral, Cloudy ) 0.6620, 0.2797, 0.0583;
    ( None, Marked, Neutral, PC ) 0.6196, 0.2648, 0.1156;
    ( None, Marked, Neutral, Clear ) 0.5467, 0.3631, 0.0901;
    ( None, Marked, Down, Cloudy ) 0.4989, 0.3351, 0.1660;
    ( None, Marked, Down, PC ) 0.8054, 0.1309, 0.0637;
    ( None, Marked, Down, Clear ) 0.8539, 0.1176, 0.0285;
    ( Weak, None, StrongUp, Cloudy ) 0.3984, 0.3747, 0.2269;
    ( Weak, None, StrongUp, PC ) 0.0169, 0.3975, 0.5856;
    ( Weak, None, StrongUp, Clear ) 0.0566, 0.2541, 0.6892;
    ( Weak, None, WeakUp, Cloudy ) 0.4443, 0.2505, 0.3053;
    ( Weak, None, WeakUp, PC ) 0.3074, 0.3618, 0.3309;
    ( Weak, None, WeakUp, Clear ) 0.1215, 0.5309, 0.3476;
    ( Weak, None, Neutral, Cloudy ) 0.5218, 0.2596, 0.2186;
    ( Weak, None, Neutral, PC ) 0.3808, 0.4062, 0.2130;
    ( Weak, None, Neutral, Clear ) 0.1803, 0.4183, 0.4014;
    ( Weak, None, Down, Cloudy ) 0.5172, 0.4319, 0.0509;
    ( Weak, None, Down, PC ) 0.5981, 0.2883, 0.1136;
    ( Weak, None, Down, Clear ) 0.6576, 0.2203, 0.1220;
    ( Weak, Some, StrongUp, Cloudy ) 0.3304, 0.3443, 0.3253;
    ( Weak, Some, StrongUp, PC ) 0.0929, 0.3004, 0.6067;
    ( Weak, Some, StrongUp, Clear ) 0.1059, 0.2377, 0.6564;
    ( Weak, Some, WeakUp, Cloudy ) 0.5208, 0.2826, 0.1966;
    ( Weak, Some, WeakUp, PC ) 0.4053, 0.3536, 0.2411;
    ( Weak, Some, WeakUp, Clear ) 0.1754, 0.4898, 0.3347;
    ( Weak, Some, Neutral, Cloudy ) 0.5622, 0.3172, 0.1207;
    ( Weak, Some, Neutral, PC ) 0.4539, 0.4047, 0.1415;
    ( Weak, Some, Neutral, Clear ) 0.2639, 0.4550, 0.2811;
    ( Weak, Some, Down, Cloudy ) 0.6339, 0.2604, 0.1057;
    ( Weak, Some, Down, PC ) 0.5702, 0.3018, 0.1281;
    ( Weak, Some, Down, Clear ) 0.6300, 0.3248, 0.0452;
    ( Weak, Marked, StrongUp, Cloudy ) 0.4111, 0.3877, 0.2012;
    ( Weak, Marked, StrongUp, PC ) 0.2423, 0.5574, 0.2003;
    ( Weak, Marked, StrongUp, Clear ) 0.1505, 0.3771, 0.4723;
    ( Weak, Marked, WeakUp, Cloudy ) 0.5840, 0.3114, 0.1046;
    ( Weak, Marked, WeakUp, PC ) 0.4371, 0.3769, 0.1860;
    ( Weak, Marked, WeakUp, Clear ) 0.2927, 0.5204, 0.1869;
    ( Weak, Marked, Neutral, Cloudy ) 0.5665, 0.3126, 0.1209;
    ( Weak, Marked, Neutral, PC ) 0.5483, 0.2977, 0.1540;
    ( Weak, Marked, Neutral, Clear ) 0.4658, 0.2871, 0.2471;
    ( Weak, Marked, Down, Cloudy ) 0.6175, 0.2550, 0.1275;
    ( Weak, Marked, Down, PC ) 0.7372, 0.1880, 0.0747;
    ( Weak, Marked, Down, Clear ) 0.6715, 0.2532, 0.0753;
    ( Strong, None, StrongUp, Cloudy ) 0.4369, 0.2682, 0.2948;
    ( Strong, None, StrongUp, PC ) 0.0521, 0.2127, 0.7352;
    ( Strong, None, StrongUp, Clear ) 0.1460, 0.2933, 0.5607;
    ( Strong, None, WeakUp, Cloudy ) 0.2947, 0.4207, 0.2846;
    ( Strong, None, WeakUp, PC ) 0.1631, 0.3733, 0.4636;
    ( Strong, None, WeakUp, Clear ) 0.1030, 0.2746, 0.6224;
    ( Strong, None, Neutral, Cloudy ) 0.5793, 0.1858, 0.2349;
    ( Strong, None, Neutral, PC ) 0.2781, 0.4028, 0.3191;
    ( Strong, None, Neutral, Clear ) 0.1206, 0.4427, 0.4367;
    ( Strong, None, Down, Cloudy ) 0.7264, 0.1358, 0.1378;
    ( Strong, None, Down, PC ) 0.4308, 0.2935, 0.2757;
    ( Strong, None, Down, Clear ) 0.4298, 0.3543, 0.2160;
    ( Strong, Some, StrongUp, Cloudy ) 0.3803, 0.2890, 0.3307;
    ( Strong, Some, StrongUp, PC ) 0.1096, 0.6080, 0.2824;
    ( Strong, Some, StrongUp, Clear ) 0.0866, 0.3733, 0.5401;
    ( Strong, Some, WeakUp, Cloudy ) 0.3955, 0.2312, 0.3734;
    ( Strong, Some, WeakUp, PC ) 0.2021, 0.4362, 0.3617;
    ( Strong, Some, WeakUp, Clear ) 0.1684, 0.3707, 0.4610;
    ( Strong, Some, Neutral, Cloudy ) 0.5642, 0.1959, 0.2399;
    ( Strong, Some, Neutral, PC ) 0.3704, 0.4132, 0.2164;
    ( Strong, Some, Neutral, Clear ) 0.1829, 0.4685, 0.3486;
    ( Strong, Some, Down, Cloudy ) 0.3329, 0.5215, 0.1457;
    ( Strong, Some, Down, PC ) 0.5059, 0.3003, 0.1938;
    ( Strong, Some, Down, Clear ) 0.4932, 0.3955, 0.1113;
    ( Strong, Marked, StrongUp, Cloudy ) 0.2583, 0.4075, 0.3342;
    ( Strong, Marked, StrongUp, PC ) 0.1691, 0.3324, 0.4985;
    ( Strong, Marked, StrongUp, Clear ) 0.2242, 0.2242, 0.5517;
    ( Strong, Marked, WeakUp, Cloudy ) 0.4365, 0.3417, 0.2218;
    ( Strong, Marked, WeakUp, PC ) 0.3327, 0.4175, 0.2498;
    ( Strong, Marked, WeakUp, Clear ) 0.1790, 0.4129, 0.4081;
    ( Strong, Marked, Neutral, Cloudy ) 0.4494, 0.4504, 0.1001;
    ( Strong, Marked, Neutral, PC ) 0.4010, 0.3759, 0.2231;
    ( Strong, Marked, Neutral, Clear ) 0.3797, 0.4106, 0.2096;
    ( Strong, Marked, Down, Cloudy ) 0.6560, 0.2294, 0.1146;
    ( Strong, Marked, Down, PC ) 0.6915, 0.2508, 0.0576;
    ( Strong, Marked, Down, Clear ) 0.5732, 0.3212, 0.1056;
};

probability ( CapChange | CompPlFcst ) {
    ( IncCapDecIns ) 0.0003, 0.0003, 0.9995;
    ( LittleChange ) 0.0003, 0.9994, 0.0003;
    ( DecCapIncIns ) 0.9991, 0.0004, 0.0004;
};

probability ( LoLevMoistAd ) {
    table 0.1269, 0.2813, 0.2939, 0.2979;
};

probability ( InsChange | LoLevMoistAd, CompPlFcst ) {
    ( StrongPos, IncCapDecIns ) 0.0021, 0.0627, 0.9352;
    ( StrongPos, LittleChange ) 0.0021, 0.1124, 0.8856;
    ( StrongPos, DecCapIncIns ) 0.0520, 0.1187, 0.8293;
    ( WeakPos, IncCapDecIns ) 0.0480, 0.1644, 0.7876;
    ( WeakPos, LittleChange ) 0.1008, 0.4093, 0.4899;
    ( WeakPos, DecCapIncIns ) 0.2230, 0.5244, 0.2526;
    ( Neutral, IncCapDecIns ) 0.1336, 0.4963, 0.3701;
    ( Neutral, LittleChange ) 0.1892, 0.6014, 0.2094;
    ( Neutral, DecCapIncIns ) 0.3666, 0.4978, 0.1356;
    ( Negative, IncCapDecIns ) 0.5132, 0.3874, 0.0994;
    ( Negative, LittleChange ) 0.8120, 0.1457, 0.0423;
    ( Negative, DecCapIncIns ) 0.8876, 0.1031, 0.0092;
};

probability ( MountainFcst | InsInMt ) {
    ( None ) 0.9990, 0.0005, 0.0005;
    ( Weak ) 0.4743, 0.5074, 0.0183;
    ( Strong ) 0.1972, 0.5090, 0.2939;
};

probability ( Date ) {
    table 0.2536, 0.1274, 0.1041, 0.2143, 0.0740, 0.2266;
};

probability ( Scenario | Date ) {
    ( May15_Jun14 ) 0.0976, 0.1566, 0.1074, 0.0889, 0.0784, 0.0120, 0.0806, 0.0971, 0.0903, 0.0262, 0.1649;
    ( Jun15_Jul1 ) 0.0411, 0.1592, 0.0936, 0.1028, 0.1253, 0.0159, 0.1264, 0.0547, 0.0776, 0.1048, 0.0987;
    ( Jul2_Jul15 ) 0.0337, 0.1093, 0.0951, 0.0821, 0.1646, 0.0319, 0.1427, 0.0397, 0.0716, 0.1425, 0.0868;
    ( Jul16_Aug10 ) 0.0410, 0.1318, 0.0914, 0.0651, 0.2009, 0.0780, 0.0602, 0.0501, 0.0760, 0.1236, 0.0819;
    ( Aug11_Aug20 ) 0.0459, 0.1260, 0.1184, 0.0704, 0.1573, 0.0461, 0.0911, 0.0515, 0.0840, 0.1268, 0.0824;
    ( Aug20_Sep15 ) 0.0472, 0.1073, 0.1034, 0.0848, 0.1051, 0.0206, 0.1045, 0.0707, 0.0809, 0.1063, 0.1693;
};

probability ( ScenRelAMCIN | Scenario ) {
    ( A ) 0.9982, 0.0018;
    ( B ) 0.9992, 0.0008;
    ( C ) 0.0010, 0.9990;
    ( D ) 0.0012, 0.9988;
    ( E ) 0.0008, 0.9992;
    ( F ) 0.0031, 0.9969;
    ( G ) 0.0011, 0.9989;
    ( H ) 0.0015, 0.9985;
    ( I ) 0.0013, 0.9987;
    ( J ) 0.0011, 0.9989;
    ( K ) 0.0008, 0.9992;
};

probability ( MorningCIN ) {
    table 0.1496, 0.5693, 0.2016, 0.0794;
};

probability ( AMCINInScen | ScenRelAMCIN, MorningCIN ) {
    ( AB, None ) 0.9932, 0.0034, 0.0034;
    ( AB, PartInhibit ) 0.5885, 0.3842, 0.0273;
    ( AB, Stifling ) 0.2311, 0.5013, 0.2676;
    ( AB, TotalInhibit ) 0.0065, 0.0985, 0.8950;
    ( CThruK, None ) 0.7326, 0.2665, 0.0009;
    ( CThruK, PartInhibit ) 0.3051, 0.5922, 0.1027;
    ( CThruK, Stifling ) 0.0125, 0.3982, 0.5893;
    ( CThruK, TotalInhibit ) 0.0016, 0.0352, 0.9632;
};

probability ( CapInScen | AMCINInScen, CapChange ) {
    ( LessThanAve, Decreasing ) 0.9972, 0.0014, 0.0014;
    ( LessThanAve, LittleChange ) 0.9785, 0.0207, 0.0008;
    ( LessThanAve, Increasing ) 0.3304, 0.3744, 0.2952;
    ( Average, Decreasing ) 0.7343, 0.2647, 0.0010;
    ( Average, LittleChange ) 0.0355, 0.9293, 0.0351;
    ( Average, Increasing ) 0.0006, 0.2432, 0.7562;
    ( MoreThanAve, Decreasing ) 0.2875, 0.3643, 0.3482;
    ( MoreThanAve, LittleChange ) 0.0012, 0.0273, 0.9715;
    ( MoreThanAve, Increasing ) 0.0011, 0.0011, 0.9978;
};

probability ( ScenRelAMIns | Scenario ) {
    ( A ) 0.9911, 0.0018, 0.0018, 0.0018, 0.0018, 0.0018;
    ( B ) 0.9962, 0.0008, 0.0008, 0.0008, 0.0008, 0.0008;
    ( C ) 0.0010, 0.9950, 0.0010, 0.0010, 0.0010, 0.0010;
    ( D ) 0.0012, 0.9939, 0.0012, 0.0012, 0.0012, 0.0012;
    ( E ) 0.0008, 0.9961, 0.0008, 0.0008, 0.0008, 0.0008;
    ( F ) 0.0030, 0.0030, 0.9848, 0.0030, 0.0031, 0.0031;
    ( G ) 0.0011, 0.0011, 0.0011, 0.9947, 0.0011, 0.0011;
    ( H ) 0.0015, 0.0015, 0.0015, 0.0015, 0.9924, 0.0015;
    ( I ) 0.9938, 0.0012, 0.0012, 0.0012, 0.0012, 0.0012;
    ( J ) 0.0011, 0.9947, 0.0011, 0.0011, 0.0011, 0.0011;
    ( K ) 0.0008, 0.0008, 0.0008, 0.0008, 0.0008, 0.9960;
};

probability ( LIfr12ZDENSd ) {
    table 0.0982, 0.5272, 0.2961, 0.0785;
};

probability ( AMDewptCalPl ) {
    table 0.2932, 0.2516, 0.4551;
};

probability ( AMInsWliScen | ScenRelAMIns, LIfr12ZDENSd, AMDewptCalPl ) {
    ( ABI, LIGt0, Instability ) 0.5420, 0.3195, 0.1385;
    ( ABI, LIGt0, Neutral ) 0.8339, 0.1305, 0.0356;
    ( ABI, LIGt0, Stability ) 0.9243, 0.0606, 0.0150;
    ( ABI, N1GtLIGt_4, Instability ) 0.3198, 0.2952, 0.3850;
    ( ABI, N1GtLIGt_4, Neutral ) 0.4717, 0.2831, 0.2453;
    ( ABI, N1GtLIGt_4, Stability ) 0.7653, 0.1869, 0.0478;
    ( ABI, N5GtLIGt_8, Instability ) 0.0795, 0.2407, 0.6798;
    ( ABI, N5GtLIGt_8, Neutral ) 0.1647, 0.4477, 0.3875;
    ( ABI, N5GtLIGt_8, Stability ) 0.5271, 0.3968, 0.0761;
    ( ABI, LILt_8, Instability ) 0.0174, 0.0886, 0.8939;
    ( ABI, LILt_8, Neutral ) 0.0163, 0.1491, 0.8346;
    ( ABI, LILt_8, Stability ) 0.3651, 0.3071, 0.3278;
    ( CDEJ, LIGt0, Instability ) 0.3863, 0.2718, 0.3419;
    ( CDEJ, LIGt0, Neutral ) 0.6518, 0.2611, 0.0871;
    ( CDEJ, LIGt0, Stability ) 0.8573, 0.0997, 0.0431;
    ( CDEJ, N1GtLIGt_4, Instability ) 0.1544, 0.2976, 0.5480;
    ( CDEJ, N1GtLIGt_4, Neutral ) 0.2335, 0.5157, 0.2507;
    ( CDEJ, N1GtLIGt_4, Stability ) 0.6054, 0.3042, 0.0904;
    ( CDEJ, N5GtLIGt_8, Instability ) 0.0276, 0.1646, 0.8078;
    ( CDEJ, N5GtLIGt_8, Neutral ) 0.2167, 0.3092, 0.4741;
    ( CDEJ, N5GtLIGt_8, Stability ) 0.4494, 0.4045, 0.1461;
    ( CDEJ, LILt_8, Instability ) 0.0334, 0.0640, 0.9026;
    ( CDEJ, LILt_8, Neutral ) 0.0227, 0.1456, 0.8317;
    ( CDEJ, LILt_8, Stability ) 0.2934, 0.2786, 0.4280;
    ( F, LIGt0, Instability ) 0.2773, 0.3725, 0.3502;
    ( F, LIGt0, Neutral ) 0.5296, 0.3821, 0.0882;
    ( F, LIGt0, Stability ) 0.6913, 0.1902, 0.1185;
    ( F, N1GtLIGt_4, Instability ) 0.1550, 0.3120, 0.5330;
    ( F, N1GtLIGt_4, Neutral ) 0.1914, 0.6431, 0.1655;
    ( F, N1GtLIGt_4, Stability ) 0.5175, 0.4080, 0.0745;
    ( F, N5GtLIGt_8, Instability ) 0.0384, 0.0398, 0.9218;
    ( F, N5GtLIGt_8, Neutral ) 0.0752, 0.4465, 0.4783;
    ( F, N5GtLIGt_8, Stability ) 0.3463, 0.4619, 0.1918;
    ( F, LILt_8, Instability ) 0.0954, 0.0954, 0.8091;
    ( F, LILt_8, Neutral ) 0.1204, 0.1205, 0.7591;
    ( F, LILt_8, Stability ) 0.0801, 0.4808, 0.4391;
    ( G, LIGt0, Instability ) 0.3011, 0.3913, 0.3076;
    ( G, LIGt0, Neutral ) 0.5488, 0.3834, 0.0678;
    ( G, LIGt0, Stability ) 0.7007, 0.2534, 0.0459;
    ( G, N1GtLIGt_4, Instability ) 0.1453, 0.3262, 0.5285;
    ( G, N1GtLIGt_4, Neutral ) 0.1770, 0.6303, 0.1927;
    ( G, N1GtLIGt_4, Stability ) 0.1257, 0.6914, 0.1829;
    ( G, N5GtLIGt_8, Instability ) 0.0866, 0.2392, 0.6742;
    ( G, N5GtLIGt_8, Neutral ) 0.1419, 0.5174, 0.3407;
    ( G, N5GtLIGt_8, Stability ) 0.1100, 0.7097, 0.1803;
    ( G, LILt_8, Instability ) 0.0861, 0.0919, 0.8221;
    ( G, LILt_8, Neutral ) 0.0940, 0.2962, 0.6098;
    ( G, LILt_8, Stability ) 0.1126, 0.2121, 0.6753;
    ( H, LIGt0, Instability ) 0.3809, 0.5260, 0.0931;
    ( H, LIGt0, Neutral ) 0.6380, 0.1837, 0.1783;
    ( H, LIGt0, Stability ) 0.5275, 0.4396, 0.0329;
    ( H, N1GtLIGt_4, Instability ) 0.0813, 0.2749, 0.6438;
    ( H, N1GtLIGt_4, Neutral ) 0.2101, 0.4137, 0.3762;
    ( H, N1GtLIGt_4, Stability ) 0.4588, 0.4206, 0.1206;
    ( H, N5GtLIGt_8, Instability ) 0.0519, 0.1902, 0.7579;
    ( H, N5GtLIGt_8, Neutral ) 0.0355, 0.3243, 0.6402;
    ( H, N5GtLIGt_8, Stability ) 0.1266, 0.4076, 0.4658;
    ( H, LILt_8, Instability ) 0.0622, 0.1913, 0.7464;
    ( H, LILt_8, Neutral ) 0.0546, 0.1660, 0.7793;
    ( H, LILt_8, Stability ) 0.1749, 0.3452, 0.4799;
    ( K, LIGt0, Instability ) 0.3233, 0.5548, 0.1219;
    ( K, LIGt0, Neutral ) 0.3935, 0.5407, 0.0658;
    ( K, LIGt0, Stability ) 0.4614, 0.3978, 0.1408;
    ( K, N1GtLIGt_4, Instability ) 0.0885, 0.3631, 0.5484;
    ( K, N1GtLIGt_4, Neutral ) 0.2433, 0.5179, 0.2388;
    ( K, N1GtLIGt_4, Stability ) 0.3140, 0.5357, 0.1503;
    ( K, N5GtLIGt_8, Instability ) 0.0631, 0.1866, 0.7503;
    ( K, N5GtLIGt_8, Neutral ) 0.1086, 0.4044, 0.4870;
    ( K, N5GtLIGt_8, Stability ) 0.1674, 0.3022, 0.5305;
    ( K, LILt_8, Instability ) 0.0385, 0.1554, 0.8061;
    ( K, LILt_8, Neutral ) 0.0839, 0.1775, 0.7386;
    ( K, LILt_8, Stability ) 0.0752, 0.3507, 0.5741;
};

probability ( InsSclInScen | AMInsWliScen, InsChange ) {
    ( LessUnstable, Decreasing ) 0.9979, 0.0011, 0.0010;
    ( LessUnstable, LittleChange ) 0.9018, 0.0973, 0.0009;
    ( LessUnstable, Increasing ) 0.3870, 0.3480, 0.2650;
    ( Average, Decreasing ) 0.5527, 0.4462, 0.0010;
    ( Average, LittleChange ) 0.1482, 0.6988, 0.1530;
    ( Average, Increasing ) 0.0009, 0.3896, 0.6096;
    ( MoreUnstable, Decreasing ) 0.2358, 0.3570, 0.4072;
    ( MoreUnstable, LittleChange ) 0.0010, 0.1031, 0.8959;
    ( MoreUnstable, Increasing ) 0.0009, 0.0009, 0.9981;
};

probability ( ScenRel3_4 | Scenario ) {
    ( A ) 0.9928, 0.0018, 0.0018, 0.0018, 0.0018;
    ( B ) 0.0008, 0.9970, 0.0008, 0.0008, 0.0008;
    ( C ) 0.9960, 0.0010, 0.0010, 0.0010, 0.0010;
    ( D ) 0.0012, 0.0012, 0.9951, 0.0012, 0.0012;
    ( E ) 0.9969, 0.0008, 0.0008, 0.0008, 0.0008;
    ( F ) 0.9878, 0.0030, 0.0030, 0.0030, 0.0030;
    ( G ) 0.0011, 0.0011, 0.0011, 0.9957, 0.0011;
    ( H ) 0.0015, 0.0015, 0.0015, 0.0015, 0.9939;
    ( I ) 0.0012, 0.0012, 0.0012, 0.0012, 0.9950;
    ( J ) 0.0011, 0.0011, 0.0011, 0.9957, 0.0011;
    ( K ) 0.9968, 0.0008, 0.0008, 0.0008, 0.0008;
};

probability ( LatestCIN ) {
    table 0.4044, 0.3990, 0.1485, 0.0481;
};

probability ( LLIW ) {
    table 0.1260, 0.3117, 0.3808, 0.1816;
};

probability ( CurPropConv | LatestCIN, LLIW ) {
    ( None, Unfavorable ) 0.6931, 0.2834, 0.0216, 0.0020;
    ( None, Weak ) 0.1154, 0.4812, 0.2997, 0.1036;
    ( None, Moderate ) 0.0109, 0.1476, 0.3308, 0.5106;
    ( None, Strong ) 0.0014, 0.0216, 0.1779, 0.7991;
    ( PartInhibit, Unfavorable ) 0.8818, 0.1057, 0.0104, 0.0021;
    ( PartInhibit, Weak ) 0.6238, 0.2632, 0.1030, 0.0099;
    ( PartInhibit, Moderate ) 0.2460, 0.3453, 0.3160, 0.0927;
    ( PartInhibit, Strong ) 0.0113, 0.1510, 0.3356, 0.5021;
    ( Stifling, Unfavorable ) 0.9373, 0.0532, 0.0048, 0.0048;
    ( Stifling, Weak ) 0.7498, 0.2160, 0.0320, 0.0022;
    ( Stifling, Moderate ) 0.4091, 0.3915, 0.1742, 0.0253;
    ( Stifling, Strong ) 0.2345, 0.3112, 0.3249, 0.1294;
    ( TotalInhibit, Unfavorable ) 0.9349, 0.0227, 0.0213, 0.0211;
    ( TotalInhibit, Weak ) 0.9264, 0.0606, 0.0065, 0.0065;
    ( TotalInhibit, Moderate ) 0.7468, 0.2063, 0.0417, 0.0052;
    ( TotalInhibit, Strong ) 0.3889, 0.4369, 0.0874, 0.0868;
};

probability ( ScnRelPlFcst | Scenario ) {
    ( A ) 0.9824, 0.0018, 0.0018, 0.0018, 0.0018, 0.0018, 0.0018, 0.0018, 0.0018, 0.0018, 0.0018;
    ( B ) 0.0008, 0.9925, 0.0008, 0.0008, 0.0008, 0.0008, 0.0008, 0.0008, 0.0008, 0.0008, 0.0008;
    ( C ) 0.0010, 0.0010, 0.9901, 0.0010, 0.0010, 0.0010, 0.0010, 0.0010, 0.0010, 0.0010, 0.0010;
    ( D ) 0.0012, 0.0012, 0.0012, 0.9879, 0.0012, 0.0012, 0.0012, 0.0012, 0.0012, 0.0012, 0.0012;
    ( E ) 0.0008, 0.0008, 0.0008, 0.0008, 0.9924, 0.0008, 0.0008, 0.0008, 0.0008, 0.0008, 0.0008;
    ( F ) 0.0030, 0.0030, 0.0030, 0.0030, 0.0030, 0.9702, 0.0030, 0.0030, 0.0030, 0.0030, 0.0030;
    ( G ) 0.0011, 0.0011, 0.0011, 0.0011, 0.0011, 0.0011, 0.9893, 0.0011, 0.0011, 0.0011, 0.0011;
    ( H ) 0.0015, 0.0015, 0.0015, 0.0015, 0.0015, 0.0015, 0.0015, 0.9849, 0.0015, 0.0015, 0.0015;
    ( I ) 0.0012, 0.0012, 0.0012, 0.0012, 0.0012, 0.0012, 0.0012, 0.0012, 0.9876, 0.0012, 0.0012;
    ( J ) 0.0011, 0.0011, 0.0011, 0.0011, 0.0011, 0.0011, 0.0011, 0.0011, 0.0011, 0.9895, 0.0011;
    ( K ) 0.0008, 0.0008, 0.0008, 0.0008, 0.0008, 0.0008, 0.0008, 0.0008, 0.0008, 0.0008, 0.9920;
};

probability ( PlainsFcst | CurPropConv, InsSclInScen, CapInScen, ScnRelPlFcst ) {
    ( None, LessUnstable, LessThanAve, A ) 0.7790, 0.1300, 0.0910;
    ( None, LessUnstable, LessThanAve, B ) 0.7021, 0.2370, 0.0609;
    ( None, LessUnstable, LessThanAve, C ) 0.8414, 0.1133, 0.0453;
    ( None, LessUnstable, LessThanAve, D ) 0.7945, 0.0878, 0.1177;
    ( None, LessUnstable, LessThanAve, E ) 0.8315, 0.1311, 0.0374;
    ( None, LessUnstable, LessThanAve, F ) 0.8265, 0.1157, 0.0578;
    ( None, LessUnstable, LessThanAve, G ) 0.8201, 0.1198, 0.0600;
    ( None, LessUnstable, LessThanAve, H ) 0.9270, 0.0365, 0.0365;
    ( None, LessUnstable, LessThanAve, I ) 0.9132, 0.0434, 0.0433;
    ( None, LessUnstable, LessThanAve, J ) 0.8139, 0.1448, 0.0413;
    ( None, LessUnstable, LessThanAve, K ) 0.9036, 0.0701, 0.0263;
    ( None, LessUnstable, Average, A ) 0.5800, 0.2530, 0.1670;
    ( None, LessUnstable, Average, B ) 0.5223, 0.4440, 0.0336;
    ( None, LessUnstable, Average, C ) 0.8020, 0.1541, 0.0440;
    ( None, LessUnstable, Average, D ) 0.9125, 0.0292, 0.0584;
    ( None, LessUnstable, Average, E ) 0.7710, 0.1826, 0.0464;
    ( None, LessUnstable, Average, F ) 0.7692, 0.1539, 0.0769;
    ( None, LessUnstable, Average, G ) 0.8203, 0.1455, 0.0342;
    ( None, LessUnstable, Average, H ) 0.8457, 0.1158, 0.0385;
    ( None, LessUnstable, Average, I ) 0.9128, 0.0655, 0.0217;
    ( None, LessUnstable, Average, J ) 0.9381, 0.0356, 0.0263;
    ( None, LessUnstable, Average, K ) 0.8698, 0.1002, 0.0300;
    ( None, LessUnstable, MoreThanAve, A ) 0.7992, 0.1598, 0.0410;
    ( None, LessUnstable, MoreThanAve, B ) 0.7379, 0.2033, 0.0588;
    ( None, LessUnstable, MoreThanAve, C ) 0.9512, 0.0276, 0.0212;
    ( None, LessUnstable, MoreThanAve, D ) 0.7823, 0.1678, 0.0499;
    ( None, LessUnstable, MoreThanAve, E ) 0.8535, 0.0985, 0.0480;
    ( None, LessUnstable, MoreThanAve, F ) 0.8659, 0.0670, 0.0671;
    ( None, LessUnstable, MoreThanAve, G ) 0.8561, 0.0294, 0.1145;
    ( None, LessUnstable, MoreThanAve, H ) 0.9321, 0.0340, 0.0339;
    ( None, LessUnstable, MoreThanAve, I ) 0.8569, 0.1226, 0.0205;
    ( None, LessUnstable, MoreThanAve, J ) 0.9600, 0.0200, 0.0200;
    ( None, LessUnstable, MoreThanAve, K ) 0.9272, 0.0182, 0.0546;
    ( None, Average, LessThanAve, A ) 0.4965, 0.2997, 0.2038;
    ( None, Average, LessThanAve, B ) 0.6061, 0.2671, 0.1267;
    ( None, Average, LessThanAve, C ) 0.8582, 0.0851, 0.0567;
    ( None, Average, LessThanAve, D ) 0.7061, 0.2449, 0.0490;
    ( None, Average, LessThanAve, E ) 0.7827, 0.1363, 0.0811;
    ( None, Average, LessThanAve, F ) 0.6981, 0.2264, 0.0755;
    ( None, Average, LessThanAve, G ) 0.8315, 0.1404, 0.0281;
    ( None, Average, LessThanAve, H ) 0.8435, 0.0522, 0.1043;
    ( None, Average, LessThanAve, I ) 0.7286, 0.2036, 0.0679;
    ( None, Average, LessThanAve, J ) 0.6024, 0.2652, 0.1324;
    ( None, Average, LessThanAve, K ) 0.8683, 0.0792, 0.0525;
    ( None, Average, Average, A ) 0.3125, 0.2501, 0.4374;
    ( None, Average, Average, B ) 0.6398, 0.2298, 0.1304;
    ( None, Average, Average, C ) 0.7053, 0.1842, 0.1105;
    ( None, Average, Average, D ) 0.9200, 0.0400, 0.0400;
    ( None, Average, Average, E ) 0.7096, 0.1985, 0.0919;
    ( None, Average, Average, F ) 0.7499, 0.1250, 0.1250;
    ( None, Average, Average, G ) 0.7263, 0.1991, 0.0747;
